  6.9222939e-003
  1.6995241e-003
  5.4682160e-003
  1.0359116e-002
 -1.9302404e-002
 -5.7239057e-003
 -2.2383147e-002
  8.2973780e-003
 -3.3178500e-004
 -1.6318538e-002
 -3.5772358e-003
  2.2816167e-003
 -3.5725885e-003
 -1.2974376e-003
 -1.9457777e-004
 -1.6081685e-002
  2.8800000e-003
 -2.5534631e-003
 -6.6582118e-003
 -1.0664994e-002
 -9.4014416e-004
 -1.5644556e-003
  8.8383838e-003
 -9.4607379e-004
  1.2452107e-002
 -1.5713388e-002
 -3.7570445e-003
  3.1318509e-004
  1.3007614e-002
 -1.0361068e-002
 -6.2402496e-003
 -6.2363580e-004
  6.5913371e-003
 -1.2539185e-003
 -3.4364261e-003
  5.3391960e-003
  6.6392665e-003
  6.0432570e-003
 -4.4331856e-003
 -1.0031348e-002
  1.6895123e-002
  8.0334190e-003
 -9.2327284e-003
 -6.3633471e-004
 -2.2222222e-003
  3.1847134e-003
  1.2755102e-003
  9.3337625e-003
 -5.4417414e-003
 -2.2357074e-003
 -1.5943878e-003
 -1.1660889e-002
 -3.4547739e-003
  3.1416902e-004
  9.0572003e-004
  4.2282040e-004
 -1.7895711e-002
  3.7163208e-003
  6.1977068e-004
 -1.9348656e-004
 -1.5858493e-002
  8.6127345e-003
 -4.8974594e-003
 -1.5281174e-003
 -1.5257858e-003
  5.2147239e-003
 -1.2254902e-003
 -9.1827365e-004
  9.8918083e-003
 -1.0703364e-002
  1.4582687e-002
  3.1036623e-004
  3.4257241e-003
 -5.7592271e-003
  1.5916955e-002
  1.0810811e-002
 -2.5372661e-003
 -5.9899117e-003
  8.5512084e-005
 -1.3067828e-002
 -1.8026276e-002
 -2.9245111e-003
 -3.4608379e-003
 -2.7247956e-003
 -2.7173913e-003
  9.0661831e-004
  6.0477774e-004
 -2.7141134e-003
 -9.0388671e-004
 -1.2037316e-003
  2.4132730e-003
  1.4071582e-002
  5.5367579e-003
 -4.8974594e-003
 -3.0599755e-004
  2.7615833e-003
  1.0229386e-002
 -3.3982082e-003
 -7.9681275e-003
 -7.3014907e-003
 -1.2154360e-003
  3.9658328e-003
 -4.8573163e-003
  7.9559364e-003
 -2.3019432e-002
  4.2029421e-003
 -6.0006001e-004
  1.5024038e-003
  3.0138638e-003
 -2.7051398e-003
  3.5500687e-004
  3.0066146e-004
 -1.8007203e-003
  8.1694402e-003
  1.3182097e-002
 -2.1413276e-003
  1.2251149e-003
  3.3804548e-003
 -9.1352010e-003
  4.8959608e-003
  2.1465808e-003
  7.7255871e-003
  4.6569388e-003
  7.5070378e-003
 -3.4289277e-003
  4.6977764e-003
 -9.9224806e-003
 -4.0148240e-003
  8.0946451e-003
  1.4227357e-004
 -4.8457873e-004
  1.7421603e-002
 -8.4798995e-003
 -2.8186658e-003
 -1.2372410e-002
  9.9968760e-003
  1.7525192e-003
 -2.9953198e-003
 -1.5576324e-003
  1.4538559e-002
  9.5724314e-003
 -7.9138968e-003
 -3.4700315e-003
  3.1555696e-004
 -3.1456433e-003
  4.9694523e-004
  1.0489510e-002
 -4.7453338e-003
  9.4996833e-004
 -3.1655587e-004
 -1.5581178e-002
 -2.4867889e-003
 -1.1798311e-003
 -2.5394859e-003
  8.4322299e-003
 -8.9755494e-003
 -4.3143297e-003
 -1.5384615e-003
  6.8153656e-003
 -7.3800738e-003
 -6.4161320e-003
  5.5299539e-003
 -3.9779682e-003
  1.0825858e-002
  1.8588532e-002
  1.9890767e-004
 -9.4428706e-004
 -4.3873394e-003
 -3.7464877e-003
 -1.0809141e-002
 -9.2564023e-004
 -2.4622961e-003
 -7.0293399e-003
  9.1771184e-004
  6.4655172e-003
 -9.2279299e-004
 -5.8103976e-003
 -1.4169430e-002
  1.8121413e-003
 -1.1641791e-002
 -7.7014218e-003
 -6.1819252e-003
  4.1383388e-003
 -1.1107863e-002
  6.1764706e-003
 -1.1763322e-004
  5.1433639e-003
 -5.8771672e-003
  7.3160401e-005
  4.7239445e-003
 -2.6501767e-003
 -5.8858152e-004
 -2.0558003e-003
 -3.5118525e-003
 -9.5652174e-003
 -2.6019081e-003
  4.6471101e-003
  2.9129042e-003
 -4.6390258e-003
 -8.6906141e-004
  1.1130639e-002
 -2.5351641e-004
  5.3003534e-003
 -7.0175439e-003
 -5.2356021e-003
 -3.1893302e-003
 -5.7954216e-004
  4.0733198e-003
 -7.7944573e-003
 -6.8807339e-003
  1.5429403e-002
  6.4459420e-003
 -1.1706175e-003
 -3.4995626e-003
  5.8668231e-003
  4.7155909e-003
 -6.7330211e-003
 -6.1099796e-003
 -3.1902552e-003
  6.1278086e-003
  1.4806041e-002
 -3.5408675e-003
  6.2351544e-003
 -5.9347181e-004
  3.5735557e-003
 -5.2138879e-003
  4.6428571e-003
 -7.6786769e-003
  1.4683848e-002
  1.8012609e-003
  3.5922203e-004
 -8.0405003e-003
  1.2055455e-002
  5.7593210e-003
  1.7895711e-002
  7.7736318e-003
 -1.5523129e-003
 -5.9869152e-003
  1.2941544e-002
 -3.1049140e-004
 -6.2131097e-003
  2.3665691e-003
  1.0509755e-002
 -1.0585305e-002
 -3.1123561e-004
 -2.4837007e-003
 -4.0197897e-003
 -4.9230769e-003
 -1.1557178e-002
 -2.4271845e-003
  1.0423053e-002
  8.9699969e-003
  3.1026993e-003
 -1.4071582e-002
  2.4532352e-003
  4.6210721e-003
 -3.0712531e-003
  3.6991369e-003
 -6.1614295e-004
  9.9564406e-003
  1.8703242e-003
  7.5376884e-003
 -6.8621335e-003
 -5.5831266e-003
 -9.2965603e-004
 -7.0769231e-003
 -9.4483389e-003
 -2.4323503e-003
 -8.4413627e-003
 -1.0736654e-002
  8.9552239e-004
 -4.1617122e-003
  1.0117241e-003
 -1.6042781e-003
  4.4762757e-003
 -1.2960236e-002
  2.9542097e-003
 -1.4749263e-003
  5.9031877e-004
 -4.8513079e-004
  5.6396557e-003
 -6.3705539e-003
  1.7135429e-003
  1.3608662e-003
 -4.0659988e-003
  5.3317536e-003
 -9.9706745e-003
 -9.9607430e-004
 -2.8045574e-003
 -2.3316817e-003
  5.0383737e-003
  3.5163805e-004
  1.3497653e-003
 -1.5234970e-003
 -3.1542056e-003
  1.7554125e-003
 -4.3693562e-003
 -5.8224163e-004
 -2.4394494e-003
  6.9747167e-004
  8.4994138e-003
  5.8651026e-004
 -2.9316916e-004
 -2.9308324e-004
  4.5339457e-003
 -4.2216359e-003
 -3.2144944e-003
 -3.1461198e-003
  5.2122987e-003
  2.0539906e-003
 -6.2981106e-003
  4.5105735e-003
  3.1732973e-003
  4.3675854e-003
 -3.6459865e-003
 -1.6874394e-004
  5.0996021e-004
 -1.0301478e-002
 -9.5117311e-003
 -2.1857923e-003
  1.2483220e-004
 -1.2638594e-003
  7.4738416e-004
 -1.7790531e-003
  7.5166233e-003
 -1.1550679e-003
 -5.1709279e-003
  2.8232312e-003
 -8.6251214e-003
  4.5716898e-004
 -3.1331890e-003
  5.0959061e-003
  1.5497160e-004
  5.0063298e-003
 -5.2092278e-003
 -2.9109589e-003
 -1.0833001e-003
  3.6623748e-003
  1.2605283e-003
  5.9365994e-003
 -3.4462952e-003
  5.1963048e-003
 -2.3089356e-004
 -2.2461556e-003
 -8.3952027e-003
 -5.3961943e-003
 -1.7011625e-003
  2.9574020e-003
  3.1950705e-003
 -1.7113520e-004
  6.1990587e-003
  8.9766607e-003
  6.9545059e-004
 -3.7528868e-003
  7.8556881e-003
 -6.8196267e-003
  2.7818024e-003
 -1.3311726e-003
  4.6517037e-003
  6.6139889e-003
  3.5242291e-003
 -5.1422895e-003
  4.1072581e-003
 -2.1662763e-003
 -6.6879907e-003
  1.7477425e-003
  5.8292043e-004
  3.6272158e-003
  1.3338866e-002
  5.6638645e-003
 -7.2210713e-003
 -3.7150607e-003
  3.8477476e-003
  2.5519288e-003
 -5.0191910e-003
 -2.5326894e-003
  5.3292279e-003
  2.8503563e-003
  9.9556195e-003
  8.4033613e-004
 -4.1841004e-003
  8.9739755e-004
 -1.9107900e-003
  3.9565973e-003
 -1.4385355e-003
 -2.6791074e-004
 -2.3875007e-002
 -3.2662584e-003
 -2.6758187e-003
  4.7927991e-003
  2.3384975e-004
 -5.8122639e-003
  5.4935422e-003
  1.2873778e-003
 -2.1021898e-003
 -3.0273040e-003
  9.1651489e-003
  4.4850988e-003
  2.8407410e-003
 -2.0081507e-003
  8.6982425e-003
  5.9612519e-004
  4.1903622e-003
  8.3877539e-004
  5.6636742e-003
  3.5186417e-004
  1.1950491e-002
 -1.1094362e-002
 -3.9637259e-003
  8.4149787e-004
  5.3175418e-003
 -9.2199006e-003
 -1.1972463e-004
  1.7991004e-003
 -8.3887591e-004
 -2.7487302e-003
  4.3209506e-003
  6.1590484e-003
  1.6935825e-003
  4.2519589e-003
  6.0779189e-004
 -4.7184078e-003
  5.2295531e-003
  7.3023794e-004
  1.2172114e-004
  4.0012722e-004
 -8.5132259e-004
  7.3023794e-004
 -6.6493381e-003
 -8.3917761e-003
  5.9977209e-004
 -1.3177598e-003
 -1.0770059e-003
 -1.3146101e-003
  5.5278495e-003
  9.7069708e-003
  3.4090217e-003
  4.5251636e-003
  2.0834610e-003
  1.2533350e-002
  6.9978132e-003
  4.3928459e-003
 -7.2269641e-003
  1.3725123e-003
  9.9552643e-003
  6.3407520e-003
 -2.5298843e-003
 -1.5156299e-003
 -9.4637224e-004
 -4.8345577e-003
 -3.2542712e-003
  8.7115712e-003
  9.5596202e-003
 -4.3781726e-003
  6.7071223e-003
  1.9869707e-002
  1.0200724e-002
 -1.1707317e-002
 -1.0299324e-002
 -2.4401207e-003
  7.3091850e-003
 -1.2645293e-002
  1.9196314e-003
 -7.7460317e-003
 -1.0864787e-002
  1.9506670e-003
  5.6664358e-004
  7.6766908e-003
 -2.7206580e-003
 -3.9702546e-003
  6.5334602e-003
 -1.8993352e-003
 -8.2236842e-004
 -6.3255108e-005
  2.5308447e-004
  1.2670257e-003
 -2.6536931e-003
  2.6607539e-003
  6.3391442e-004
  1.3491809e-002
  3.5460993e-003
  6.4478690e-005
 -2.8290362e-003
  6.5363707e-003
  6.6449511e-003
  3.8584788e-003
 -7.5290452e-003
 -2.7831715e-003
 -1.8735060e-003
 -1.1873604e-002
 -3.5621477e-004
 -6.0279188e-003
 -2.9102872e-003
  3.3644385e-003
  1.0585065e-002
  2.8951940e-003
  8.3036004e-003
 -4.5205037e-003
 -6.2889046e-003
  1.2211757e-002
 -3.2467532e-004
 -4.9108297e-003
  5.8494735e-003
 -5.1083091e-003
  7.6887991e-003
 -1.1146907e-002
 -9.0124887e-004
  3.6828843e-003
  3.2316443e-004
  2.3971493e-003
 -7.3954984e-003
  4.6517638e-003
 -1.0971281e-003
  1.5512895e-003
 -3.3498679e-003
 -1.2224939e-003
  2.5156421e-003
  5.5782578e-003
 -1.3602798e-003
  2.0120724e-003
 -3.5571077e-003
 -1.3563263e-003
  3.8252075e-003
  5.8384690e-004
  1.6351289e-002
  1.1200747e-002
 -1.9961408e-003
  6.6542454e-005
  9.9913408e-004
  1.5343562e-003
  2.3403544e-003
  1.3375242e-004
  7.3617990e-004
 -1.7370390e-003
 -1.0380165e-002
  5.5178833e-003
  4.8767453e-003
 -3.4618201e-003
 -1.4046603e-002
  1.8412573e-003
  3.4312108e-003
  5.3067993e-003
 -1.3222491e-002
 -3.1321370e-003
  2.2235302e-003
 -8.4300629e-003
 -2.1999353e-003
 -3.6103410e-003
  3.7533165e-003
 -6.4296277e-003
 -2.5652536e-003
  2.4429444e-003
  2.9660197e-003
 -4.4932281e-003
 -6.4147797e-004
 -3.7067809e-003
 -3.4392714e-003
  1.5309051e-003
 -4.1923395e-003
 -1.6488046e-003
  3.8194665e-003
 -2.1596900e-003
  2.4196116e-003
 -4.5636052e-003
 -1.2675074e-004
  2.9237908e-003
  2.0380867e-003
 -3.8199529e-004
  2.5472840e-004
 -1.0178765e-003
 -1.1438012e-003
  1.3999364e-003
  5.0932705e-004
 -4.8153076e-003
  5.0713154e-004
  7.2139856e-004
  4.6113217e-004
  3.8180083e-003
  1.4722025e-002
  1.2915725e-004
 -1.6363025e-004
 -3.7315833e-003
 -4.9932783e-003
  5.5358867e-003
 -4.2304980e-003
  1.0231173e-002
  2.7270956e-003
  2.6039971e-003
  6.2888962e-003
 -5.7317788e-003
  2.4812276e-003
 -3.9161935e-004
  3.8000393e-003
  2.7593456e-003
  6.3471074e-003
  7.9401839e-004
 -5.2906554e-004
 -3.2957617e-003
  2.3785927e-003
 -1.3196965e-003
  7.5792833e-003
 -1.4803170e-002
  2.2319963e-003
  2.6327914e-003
 -3.6723720e-003
 -3.7891161e-003
 -3.7748129e-003
  3.9202875e-003
  1.4395080e-003
  3.9414045e-003
  1.4472732e-003
  3.8301525e-003
  2.5157233e-003
  1.3010529e-002
  1.6121448e-003
  9.6303832e-003
 -1.6250254e-003
  5.9941421e-003
 -1.4962933e-003
  5.3333333e-003
  3.5682426e-003
  5.4926193e-004
 -5.3267773e-003
  5.3553038e-003
  1.4205139e-002
  2.4103259e-002
  1.7265143e-002
 -1.2818677e-002
  3.9542742e-003
 -1.1793961e-002
 -2.8411109e-004
 -3.5388209e-003
  1.6401698e-002
 -5.5797983e-003
  9.6785843e-003
 -1.1988867e-002
 -9.0516937e-003
  6.8351727e-003
 -1.9896255e-003
 -7.4758446e-003
  9.8283598e-003
  9.2000288e-003
  7.0937387e-003
 -2.1600567e-002
  2.9154519e-002
  2.1870671e-004
 -7.9554495e-003
  2.4650185e-003
  2.4711098e-003
 -5.4933141e-003
 -1.7749379e-002
  4.1348827e-003
 -5.7000356e-004
  9.6395943e-003
  1.6957224e-004
  3.7663227e-005
  1.8462891e-002
  8.8698352e-003
 -1.9282349e-002
 -5.7657658e-003
  1.4773641e-002
 -1.1688217e-003
 -3.3491081e-003
 -1.7443128e-003
 -7.6451497e-003
 -2.1590500e-003
  7.5411500e-003
  3.6387454e-003
  3.0659172e-003
 -1.6033817e-003
 -6.7183526e-004
 -3.1965129e-003
 -1.0210685e-002
 -2.9586212e-002
 -8.4411541e-003
  1.8021765e-003
  4.3160459e-003
 -1.3920791e-004
 -1.2984336e-002
  1.0482471e-002
  1.3885996e-004
 -4.1485169e-003
  3.8869994e-003
  2.6505166e-002
  1.8283393e-002
  9.1952126e-005
 -6.6306306e-003
 -1.8255148e-002
  2.6248581e-003
 -5.3626870e-003
  9.0423638e-003
 -7.7711056e-003
  6.8283662e-003
 -6.2204001e-003
  8.5549298e-003
  9.9907229e-004
 -3.1301131e-003
  4.7173183e-003
 -8.7849805e-003
  7.5665644e-003
 -1.2832395e-003
  5.4476382e-003
  2.7312585e-003
  4.6212723e-003
 -5.7732554e-004
 -4.4543430e-003
  5.1996822e-003
 -1.0857918e-002
  1.4052879e-002
 -1.8798352e-003
  2.0285445e-003
 -1.4487505e-004
  3.9663124e-004
 -1.5910899e-003
 -6.3241107e-003
 -3.7230615e-003
 -4.1354724e-003
  1.4262283e-004
  7.1823601e-003
  4.3112740e-004
 -2.0078881e-003
  4.9001946e-003
  2.6009681e-003
  3.1890991e-003
 -5.7649348e-003
  2.7458631e-003
 -6.4613397e-003
  3.7472076e-003
  4.0518052e-003
  5.7916456e-004
 -2.5994657e-003
  2.8966616e-003
 -1.1595448e-002
  5.3248903e-003
 -3.0131286e-003
 -8.9584074e-003
 -3.1185768e-003
  3.5564407e-003
 -1.0835151e-002
 -1.0305689e-002
  2.7860974e-004
 -2.5983718e-002
 -3.3909800e-004
 -8.1317341e-004
  2.0370748e-003
 -2.3033670e-003
 -5.5244897e-003
  1.2141653e-003
  3.3840948e-003
 -6.7636118e-004
  9.3268901e-004
  4.0747029e-003
 -1.8979191e-003
  5.7263617e-003
  1.6387846e-003
  1.2306009e-003
 -2.7339211e-004
 -1.0415962e-002
  1.2189341e-003
 -2.9707650e-003
  5.7038093e-003
  9.5153945e-004
 -1.4732472e-002
  6.4703107e-003
 -1.8836192e-003
  8.0791759e-004
  1.3467107e-004
  1.4759139e-002
  2.3355010e-002
  9.1736645e-003
 -9.0902734e-003
 -3.6229360e-003
  8.2894275e-003
  1.2660899e-003
 -4.4814789e-003
 -5.5987123e-004
 -7.0877632e-003
  4.6073298e-003
  8.1638398e-003
 -8.4382252e-004
  6.9390356e-003
 -4.2304167e-003
 -5.0508593e-003
  2.9550412e-003
 -5.3187767e-003
  5.9134108e-003
  4.2417815e-003
 -5.2043041e-003
  7.5108056e-003
  8.4315827e-003
  1.2150141e-002
 -7.4653650e-003
 -1.2904151e-003
  1.4340001e-004
 -8.6715474e-003
  2.2796894e-003
 -3.6908226e-003
 -2.5486726e-003
 -4.0894028e-003
  1.5535626e-003
  1.5559799e-003
 -3.2428622e-003
  5.6429428e-004
  4.2501948e-003
 -4.0086854e-004
 -5.2145726e-003
  3.6777707e-003
  8.2721244e-003
 -4.8257753e-003
  5.5662599e-003
 -6.2406921e-003
  8.5172830e-004
  2.8399006e-004
 -3.6782910e-003
 -2.6807760e-003
 -1.2676743e-002
  2.6538166e-003
 -2.2298098e-003
 -7.8810923e-003
  1.9394611e-003
  2.9176797e-003
  3.2057983e-003
 -5.8199958e-003
 -5.5397826e-004
 -2.3488774e-003
  2.0768432e-003
 -2.2104027e-003
 -2.4805347e-003
  8.4775207e-003
 -2.4953213e-003
  8.3875026e-003
 -4.8688878e-003
 -2.6361429e-003
  1.3893713e-003
 -6.9420340e-004
 -6.7323723e-004
  5.4117866e-004
  7.2722187e-003
 -6.5300452e-003
  4.6060437e-003
  1.3302488e-004
 -2.5060912e-003
 -3.0536470e-003
 -9.0777801e-003
  1.0423181e-002
 -6.9439622e-004
 -6.9391437e-004
  9.7242481e-004
  2.7791287e-004
 -1.3893713e-004
 -5.3893457e-003
 -8.2231207e-003
 -3.4146008e-003
 -4.8929664e-003
 -5.6760592e-003
  1.8956063e-003
 -2.5660072e-003
 -2.0216996e-003
 -5.3622897e-003
  2.6818639e-004
  5.2571275e-003
 -2.8227703e-003
  4.0341559e-004
 -3.2169426e-003
  3.7672385e-003
  1.4606512e-002
 -5.4307243e-003
 -3.6523504e-003
  1.3545547e-003
 -1.2176148e-003
  3.5299708e-003
 -3.3827211e-003
  7.4977847e-003
 -1.7690685e-003
  7.6791224e-003
  9.1330520e-003
 -5.7783587e-003
  8.2616179e-004
  1.7932271e-003
  2.7664430e-003
 -2.0705363e-003
 -1.1030679e-003
 -9.8300225e-003
 -3.4015919e-003
 -5.2784733e-003
  6.7718562e-004
  4.0647653e-004
  4.0664182e-004
 -2.4339125e-003
 -5.9143760e-003
  4.4555458e-003
  2.7076423e-003
  1.3556565e-003
  1.9015280e-003
 -1.3563920e-003
 -1.2192644e-003
  9.4921690e-004
  1.6298812e-003
 -3.3840948e-003
  6.7727735e-004
 -1.0824707e-003
  9.4805986e-004
 -6.8599099e-003
  7.1801124e-003
  1.2726061e-004
 -3.2408345e-003
 -6.7471831e-004
  3.1133672e-003
 -1.3518080e-003
 -1.8575014e-004
 -5.6611444e-004
 -8.3115490e-003
 -7.4512674e-003
  1.3323563e-003
 -1.9945482e-003
 -3.3132331e-003
 -1.1913429e-003
  3.0538405e-003
  2.3956878e-003
 -2.6548085e-003
 -5.6754438e-003
 -2.6327914e-003
 -1.3146651e-003
 -4.7105005e-003
 -2.6162601e-004
  4.0717147e-003
 -5.4862517e-003
 -2.0856417e-003
  1.1745514e-003
  4.0621110e-003
 -2.2341951e-004
  3.0229349e-003
  3.5613005e-003
 -1.3188262e-004
 -6.6810768e-003
 -3.3944774e-003
 -2.0845548e-003
  1.6965742e-003
 -1.3033561e-003
  4.1882076e-003
 -3.9110879e-003
 -5.1877310e-003
  1.2986170e-003
 -1.2984484e-004
 -2.0732102e-003
 -1.0289422e-004
 -2.4558909e-003
  1.8128844e-003
  7.6988321e-003
  5.2469338e-003
 -2.3555585e-003
 -3.1309112e-003
  1.4370632e-003
 -7.1801567e-004
 -1.3688808e-003
 -1.3035260e-004
 -1.9514734e-003
  9.1151768e-004
  1.8263649e-003
  5.1137481e-003
  5.8028355e-003
  7.9192239e-004
 -4.2058224e-003
 -5.2545156e-004
 -6.9140956e-003
  1.9606562e-003
 -1.3069333e-004
  1.9642506e-003
  3.1527094e-003
  1.4470828e-003
 -2.3623597e-003
 -9.1785223e-004
  1.8390805e-003
 -9.1869545e-004
 -4.9624551e-003
  2.0938297e-003
  2.7557247e-003
 -1.1796317e-003
  2.7600710e-003
 -1.3141468e-004
  1.7113144e-003
  2.1652881e-002
  1.6164882e-003
 -1.4795884e-003
  1.3452613e-004
  2.5625464e-003
 -4.9654432e-003
 -6.7055589e-004
  7.9756675e-003
 -2.4273481e-003
  1.6208550e-003
  1.6234864e-003
  4.2798913e-003
 -1.5600624e-003
 -2.9755867e-003
 -2.9667588e-003
 -7.2483432e-004
 -1.3467107e-003
  6.7380904e-004
  3.5161269e-003
