T=52 biweekly counts of IT system intrusion events
Mike West, February 2017
     1     5
     2     7
     3     7
     4    10
     5     5
     6    13
     7     8
     8    19
     9    17
    10     9
    11    14
    12    12
    13    16
    14    12
    15    13
    16     9
    17    12
    18    15
    19    11
    20    15
    21    11
    22    16
    23    15
    24    14
    25    12
    26    16
    27    20
    28    15
    29    18
    30    20
    31    11
    32    17
    33    16
    34    16
    35    28
    36    18
    37     8
    38    15
    39    14
    40    17
    41    17
    42    19
    43    18
    44    11
    45    11
    46    11
    47    11
    48    17
    49     9
    50    13
    51    13
    52    17


