101.566872 -277.8400   -3.917180   78.90319  65.752663  -57.07890  -71.908226  -12.590935   17.347511  -33.57583   -3.357583  -69.11025
 96.620140 -213.8134   13.225570   34.53343  82.292435  -90.74210 -100.661285   38.574577   62.454079 -120.13226   -7.347539  -87.80309
141.821945 -330.5728  104.209801  -91.78744  80.055214 -169.77226 -138.371292   71.428574  106.970322 -258.10904   23.809525 -143.20221
 39.102100 -248.0087  -13.758146   32.22303  30.050688  -20.27516    1.086169  -35.843590  -26.792179   24.61984    6.879073  -16.65460
105.974396 -316.1451   20.270269   62.23328  49.075390  -90.32771  -38.406826  -54.765289   24.893314  -48.36415  -11.024182  -67.92319
124.513618 -372.3736   49.027237   34.24124  89.883270 -173.15175  -70.428017   -6.225681   75.875488 -139.68872    2.723736 -114.39689
149.676956 -418.8801  102.297203 -111.98851  58.865757 -213.20891 -143.216080   20.459440   95.477386 -263.46014   37.329506 -175.52046
113.108612 -227.7153   98.876404 -126.59176 -13.857677 -155.80524 -186.142319   74.531830   86.891380 -211.98502   18.352060  -67.79026
 78.980888 -261.1465   21.974522   25.15923  14.649681  -88.53503  -11.464968 -102.866241    5.414012  -33.12102  -17.515923  -71.97452
123.639191 -370.1400   45.489891  -49.76672  40.046658 -208.39813  -47.045101  -94.479004   42.379471 -146.57854   14.385692 -138.80249
143.840576 -381.1594  102.898552 -176.44928 -12.681159 -233.69565 -127.898552  -55.797100   79.710144 -286.23187   55.434784 -195.28986
 36.973045 -204.2156    6.219765  -12.09399 -32.135452  -57.01451   13.130615 -119.903244  -42.501728  -16.93158  -15.203870 -103.31721
 16.949154 -229.2171  -16.142050  -33.09120 -11.702987  -37.12672   11.299436  -98.062958  -37.126717   23.80953   -5.649718  -37.53027
 58.244465 -174.7334   25.430681  -43.88844 -24.200165 -114.43806    3.281378 -128.794098  -19.688269 -109.10583   17.227236 -130.02461
 99.089638 -248.5994   68.277313 -188.02521 -45.868347 -197.82913  -37.114845 -144.607849   36.764706 -245.44818   57.072830 -188.02521
194.143173  -61.2508  184.846176  -42.10993   8.750115  -45.39122   30.625402   96.251266  164.611542  -56.87575  122.501610    4.92194
 -7.584951 -185.0728  -29.126213  -42.17233 -47.330097  -20.02427   16.686893 -103.458740  -65.533981   12.13592  -32.766991  -95.26699
-19.657578 -114.4578  -28.218136  -61.50919 -51.363346  -26.63285   13.316423  -79.581482  -74.191505  -45.97337   -2.536462  -89.41027
 57.142857 -154.1528   44.186047 -186.04651 -54.817276 -144.51828   -6.312293 -142.857147   -2.657807 -206.31229   44.850498 -165.11627

