   6           3.93              0
   9           4.58     0.14333333
  12            4.8          0.096
  15           5.07     0.29857143
  18           5.14     0.36888889
  21           4.94     0.18636364
  24           4.94     0.20153846
  27           4.77    0.052666667
  30           4.77    0.069411765
  33           4.75    0.045263158
  36            4.6   -0.090952381
  39           4.71    0.072608696
  42            4.6         0.0228
  45           4.58    0.052962963
  48           4.58    0.083103448
  51           4.54    0.084193548
  54           4.61     0.18818182
  57           4.72     0.32257143
  60           4.76     0.40216216
  63           4.52     0.18692308
  66            4.6     0.29073171
  69           4.28   -0.045348837
  72           3.87    -0.47911111
  75           4.03          -0.35
  78           3.74    -0.66040816
  81           3.72    -0.70098039
  84           4.08    -0.35849057
  87           4.13    -0.32545455
  90           4.05    -0.41473684
  93           3.88    -0.59745763
  96           3.84    -0.64278689
  99           3.85    -0.63539683
 102           3.94    -0.53553846
 105           4.07    -0.38791045
 108           3.92    -0.52043478
 111           3.56    -0.86704225
 114           3.77    -0.66041096
 117            3.9    -0.53546667
 120           3.85    -0.58246753
 123           3.71    -0.71113924
 126           3.98     -0.4445679
 129           4.43  -0.0039759036
 132           4.88     0.43694118
 135           4.79     0.33977011
 138           4.93     0.46977528
 141           5.06     0.59659341
 144           5.09     0.63064516
 147              5     0.54936842
 150           4.76     0.31123711
 153           4.95      0.5010101
 156            4.9     0.45465347
 159           4.89     0.44951456
 162           4.88     0.44904762
 165            4.9     0.48252336
 168           4.91     0.51073394
 171           4.78     0.38423423
 174           4.66     0.24973451
 177           4.86     0.44173913
 180           4.82     0.39444444
 183           4.68      0.2487395
 186            4.6      0.1661157
 189           4.53    0.093577236
 192            4.6         0.1632
 195            4.4   -0.035433071
 198           3.93    -0.49984496
 201            3.8    -0.62122137
 204           3.97    -0.43887218
 207           3.96    -0.43503704
 210           3.75    -0.63671533
 213           3.92    -0.47208633
 216           4.01    -0.38425532
 219           4.51     0.11433566
 222           4.59     0.19075862
 225           4.62     0.21741497
 228           4.62     0.21597315
 231           4.42    0.014304636
 234           4.22    -0.18568627
 237           3.87    -0.53354839
 240            4.1    -0.29898089
 243           4.45    0.058050314
 246           4.67     0.28521739
 249           4.82     0.44128834
 252           4.81     0.43818182
 255           4.73     0.36389222
 258           4.91     0.54579882
 261           4.77     0.40725146
 264           4.74     0.38040462
 267           4.89     0.53354286
 270            4.9     0.54248588
 273           4.64     0.28240223
 276           4.57      0.2118232
 279            4.5     0.13918033
 282           4.05    -0.31172973
 285           3.98    -0.37754011
 288           4.11    -0.24042328
 291            4.3   -0.043298429
 294           4.42    0.077927461
 297           4.52     0.17974359
 300            4.4    0.061878173
 303           4.31   -0.026532663
 306           4.22    -0.11363184
 309           4.31   -0.017980296
 312           4.08    -0.24365854
 315           3.81    -0.51797101
 318           4.07    -0.26320574
 321           3.69    -0.64938389
 324           3.73    -0.61450704
 327           3.25     -1.0990698
 330            3.6    -0.75317972
 333           3.81    -0.54671233
 336            4.6     0.24036199
 339           5.27     0.90896861
 342           5.16     0.79853333
 345           5.06     0.69920705
 348           4.68     0.32117904
 351           4.82      0.4647619
 354           4.87     0.51643777
 357           4.73     0.37714894
 360            4.8     0.44531646
 363           4.64     0.28112971
 366           4.54     0.17929461
 369           4.59     0.22954733
 372           4.59     0.22979592
 375           4.45    0.089919028
 378           4.47     0.10710843
 381           4.41    0.043935743
 384           4.29   -0.076305221
 387            4.2    -0.16578313
 390           3.95    -0.41353414
 393           3.85    -0.51048193
 396           3.88    -0.47851406
 399           3.71    -0.64714859
 402           3.49    -0.86502008
 405            3.5    -0.85200803
 408           3.45    -0.89831325
 411           3.64    -0.70473896
 414           4.01    -0.33080321
 417           4.53     0.19180723
 420           4.99     0.65168675
 423           4.69     0.35144578
 426            4.4    0.060763052
 429           4.41     0.07060241
 432           4.58     0.24080321
 435           4.63     0.29248996
 438           4.68     0.34381526
 441           4.63      0.2964257
 444           4.66     0.32698795
 447           4.39    0.055983936
 450           4.63     0.29586345
 453           4.58     0.24457831
 456           4.48     0.14309237
 459           4.41    0.072931727
 462            4.4    0.063534137
 465           4.31   -0.025702811
 468           4.17    -0.16566265
 471           4.06    -0.27558233
 474           4.03    -0.30502008
 477           3.89    -0.44502008
 480           3.79    -0.54405622
 483           3.79    -0.54301205
 486           3.84    -0.49365462
 489           3.89    -0.44389558
 492           3.89    -0.44429719
 495           3.85    -0.48686747
 498           3.77    -0.57052209
 501           3.78    -0.56485944
 504           4.01    -0.33718876
 507           4.18     -0.1673494
 510           4.23     -0.1173494
 513           4.28   -0.066626506
 516            4.2    -0.14518072
 519           4.22    -0.12329317
 522           3.96    -0.38176707
 525           4.07     -0.2702008
 528            4.1     -0.2375502
 531           4.28    -0.05502008
 534           4.62     0.28783133
 537           4.42    0.090200803
 540           4.31    -0.01811245
 543           4.32  -0.0065461847
 546            4.5     0.17413655
 549            4.6     0.27481928
 552            4.6      0.2764257
 555           4.55     0.22891566
 558           4.34     0.02060241
 561           4.09    -0.22710843
 564           3.85    -0.46429719
 567           3.74     -0.5715261
 570           3.63     -0.6797992
 573           3.63     -0.6786747
 576           3.71    -0.59690763
 579           4.04    -0.26485944
 582           4.41     0.10670683
 585           4.26   -0.043574297
 588           4.07    -0.23461847
 591           4.16    -0.14666667
 594            4.1    -0.20646586
 597           4.29   -0.015060241
 600           4.07    -0.23365462
 603           4.11    -0.19148594
 606           3.98    -0.32016064
 609           3.81    -0.48983936
 612           3.71    -0.59088353
 615           3.76    -0.54080321
 618           4.01     -0.2897992
 621           4.51     0.21240964
 624           5.03     0.73578313
 627           4.98      0.6888755
 630           4.77     0.48060241
 633           4.95     0.66365462
 636           5.02     0.73550201
 639           4.95     0.66779116
 642           4.82     0.54108434
 645           4.83      0.5551004
 648           4.84     0.56771084
 651           4.78      0.5102008
 654           4.81     0.54281124
 657           4.78     0.51297189
 660            4.7     0.43124498
 663           4.66     0.38939759
 666            4.7     0.42855422
 669           4.41      0.1386747
 672           4.62     0.34955823
 675           4.41     0.14008032
 678           4.41     0.13983936
 681           4.31    0.039236948
 684           4.26   -0.011084337
 687            4.2   -0.071004016
 690           4.07     -0.2002008
 693           3.91    -0.35783133
 696           3.98    -0.28682731
 699           4.07    -0.19566265
 702           4.25    -0.01686747
 705           4.27   0.0025702811
 708           4.27   0.0020080321
 711           4.45     0.18413655
 714           4.69     0.42899598
 717           4.79     0.53285141
 720           4.92     0.66646586
 723           4.77     0.51839357
 726           4.39     0.14064257
 729           4.36     0.11240964
 732            4.3    0.054457831
 735           4.32    0.077309237
 738           4.34     0.10016064
 741           4.36     0.12317269
 744           4.33    0.094497992
 747           4.66     0.42437751
 750           4.76     0.52514056
 753           4.72     0.48457831
 756           4.64     0.40373494
 759           4.67     0.43321285
 762           4.51     0.27188755
 765           4.38     0.14088353
 768           4.45     0.20959839
 771            4.6     0.35851406
 774           4.24  -0.0026506024
 777           4.02    -0.22453815
 780           3.83    -0.41646586
 783           3.71    -0.53855422
 786           3.73    -0.51895582
 789           3.95    -0.29787149
 792           4.61     0.36550201
 795           4.64     0.40016064
 798           4.71     0.47333333
 801           4.65     0.41522088
 804           4.67      0.4373494
 807           4.34     0.11016064
 810           4.19   -0.037028112
 813           3.95     -0.2746988
 816           4.14   -0.082369478
 819           4.12   -0.099477912
 822           4.06    -0.15763052
 825           4.06    -0.15518072
 828           4.09    -0.12361446
 831           4.12   -0.092851406
 834           3.98    -0.23329317
 837           3.86    -0.35389558
 840           3.87    -0.34453815
 843           3.82    -0.39558233
 846           3.71    -0.50690763
 849           3.94    -0.27791165
 852           3.83    -0.38863454
 855           3.66    -0.55971888
 858           3.72    -0.49967871
 861           3.83    -0.38855422
 864              4    -0.21710843
 867           4.49     0.27477912
 870           4.62     0.40803213
 873           5.06     0.84799197
 876           5.01     0.79610442
 879           4.92     0.70473896
 882           4.79     0.57445783
 885           4.75     0.53473896
 888            4.7     0.48562249
 891           4.62     0.40574297
 894           4.62     0.40578313
 897           4.37     0.15570281
 900           4.29     0.07626506
 903           4.27    0.057269076
 906           4.18   -0.030281124
 909           4.29    0.082771084
 912           4.48     0.27401606
 915           4.52     0.31373494
 918           4.61     0.40381526
 921           4.49     0.28485944
 924           4.46     0.25590361
 927            4.2  -0.0027710843
 930           4.26    0.058393574
 933           4.03    -0.17096386
 936           3.83    -0.37084337
 939           3.91    -0.29116466
 942           3.97    -0.23140562
 945           3.65    -0.55184739
 948           3.36    -0.84269076
 951           3.46    -0.74453815
 954           3.57    -0.63506024
 957           3.82    -0.38437751
 960           4.18   -0.024738956
 963           4.52     0.31413655
 966           4.46     0.25345382
 969           4.24    0.032570281
 972           4.27    0.062811245
 975           4.08    -0.12514056
 978           4.09    -0.11365462
 981           4.14   -0.061445783
 984           4.13   -0.070481928
 987           4.08    -0.12128514
 990            4.2  -0.0016064257
 993           4.12   -0.082168675
 996           3.98     -0.2202008
 999           4.04    -0.15726908
1002            4.3      0.1053012
1005           4.15   -0.043172691
1008           4.31     0.11951807
1011           4.17   -0.017068273
1014           4.07    -0.11405622
1017            3.9    -0.27983936
1020           3.99    -0.18586345
1023           3.95     -0.2215261
1026           3.85    -0.31746988
1029           4.01    -0.15232932
1032           4.41     0.25281124
1035           4.57     0.41686747
1038           4.51     0.36032129
1041           4.39     0.24293173
1044            4.3     0.15437751
1047           4.27     0.12578313
1050           4.37     0.22578313
1053           4.37     0.22646586
1056           4.39     0.24674699
1059           4.06   -0.082088353
1062           3.61    -0.53076305
1065           3.48    -0.65947791
1068           3.44     -0.6973494
1071           3.44     -0.6953012
1074           3.55    -0.58261044
1077           3.74    -0.38931727
1080           3.95    -0.17594378
1083           4.07   -0.053855422
1086           4.06   -0.063413655
1089            4.2    0.078393574
1092           4.16    0.041084337
1095            4.2    0.084096386
1098           4.26     0.14879518
1101           4.43     0.32257028
1104           4.22     0.11594378
1107           4.09   -0.010923695
1110           3.93    -0.16767068
1113           3.79    -0.30441767
1116           4.26     0.16903614
1119           4.62     0.53261044
1122           4.26     0.17698795
1125           4.61     0.53092369
1128           4.62     0.54353414
1131           4.42      0.3451004
1134           4.53     0.45710843
1137            4.2     0.12771084
1140           4.17    0.098433735
1143           4.15    0.081124498
1146              4   -0.065983936
1149           3.96    -0.10401606
1152           3.98   -0.083092369
1155           3.97   -0.093453815
1158           3.74     -0.3253012
1161           3.74    -0.32779116
1164           3.69    -0.38004016
1167           3.83    -0.23971888
1170            3.9    -0.16863454
1173           3.93     -0.1360241
1176           3.88    -0.18309237
1179           3.88    -0.17975904
1182           3.93    -0.12746988
1185            4.1    0.044016064
1188           4.05  -0.0059036145
1191           3.94    -0.11502008
1194           3.93    -0.12285141
1197           4.02   -0.032208835
1200           4.19      0.1362249
1203           4.29     0.23570281
1206           4.52     0.46570281
1209           4.55     0.49506024
1212           4.47     0.41409639
1215           4.43     0.37393574
1218           4.39     0.33405622
1221           4.28      0.2235743
1224           4.07    0.012971888
1227           4.06   0.0030522088
1230           3.78    -0.27722892
1233           3.56    -0.49678715
1236           3.53    -0.52554217
1239           3.42    -0.63345382
1242           3.04     -1.0095582
1245           3.78    -0.26610442
1248           4.25     0.20907631
1251           4.35     0.31389558
1254           4.25     0.21843373
1257           4.16      0.1324498
1260           4.06    0.036666667
1263           4.17     0.15052209
1266           4.21     0.19293173
1269           3.98   -0.032931727
1272           3.93   -0.079919679
1275           3.85    -0.15855422
1278           3.67    -0.33811245
1281           3.86    -0.14875502
1284           4.11      0.1015261
1287           4.38       0.372249
1290            4.3     0.29325301
1293           4.24      0.2348996
1296           4.34     0.33586345
1299           4.27      0.2673494
1302           4.26     0.25799197
1305           4.18     0.17975904
1308           4.06    0.060803213
1311           3.93   -0.068875502
1314            3.8    -0.19987952
1317           3.74    -0.25971888
1320           3.84    -0.16108434
1323           4.17     0.16590361
1326           4.17     0.16216867
1329           4.24     0.22835341
1332           4.35     0.33594378
1335           4.35      0.3348996
1338           4.33     0.31630522
1341           4.32     0.30763052
1344           4.23     0.21907631
1347           3.56    -0.44947791
1350           3.74    -0.26947791
1353           3.43    -0.57963855
1356           3.57    -0.43919679
1359           3.91   -0.099036145
1362           3.84    -0.16895582
1365           4.15     0.14228916
1368           4.02    0.012730924
1371            4.3     0.29248996
1374           4.34     0.33196787
1377           4.39     0.38172691
1380           4.28     0.27044177
1383           4.17     0.15971888
1386            4.2     0.18879518
1389           3.77     -0.2411245
1392           3.84    -0.17124498
1395           3.76    -0.25024096
1398           3.77    -0.23907631
1401           3.53    -0.47738956
1404            3.5    -0.50518072
1407           3.69    -0.31212851
1410            3.8    -0.19967871
1413           4.05    0.052248996
1416           4.05    0.053212851
1419           4.27     0.27353414
1422           4.41     0.41333333
1425           4.24     0.24385542
1428           4.24     0.24441767
1431           3.97   -0.024216867
1434           3.87    -0.12337349
1437           3.75    -0.24449799
1440           3.38    -0.61554217
1443           3.47    -0.52690763
1446            3.4    -0.59903614
1449           3.43    -0.57124498
1452           3.43    -0.57128514
1455           3.75    -0.25012048
1458           4.34     0.34076305
1461           4.24     0.24108434
1464           4.12     0.12124498
1467           4.17     0.17204819
1470            3.6    -0.39706827
1473           3.45    -0.54542169
1476           3.52    -0.47253012
1479           3.52    -0.47116466
1482           3.51    -0.48100402
1485           3.53    -0.46184739
1488            3.5    -0.49321285
1491           3.44    -0.55196787
1494           3.57    -0.41827309
1497           3.78     -0.2064257
1500           4.07    0.086425703
1503           4.25     0.26863454
1506           4.17     0.18919679
1509           4.36     0.37935743
1512            4.2     0.21851406
1515           3.78    -0.20212851
1518           3.88    -0.10240964
1521           3.75    -0.23281124
1524           3.79    -0.19289157
1527           3.92   -0.063092369
1530           4.17     0.18650602
1533           4.35     0.36497992
1536           4.51     0.52329317
1539           4.53     0.54140562
1542           4.37     0.38044177
1545           4.06    0.069558233
1548           3.92   -0.070401606
1551           3.84    -0.15048193
1554           3.77    -0.22028112
1557           3.82    -0.16991968
1560           3.93   -0.058594378
1563           3.92   -0.067188755
1566           3.58    -0.40566265
1569            3.9   -0.084497992
1572           4.45     0.46650602
1575           4.22     0.23811245
1578           4.12     0.13947791
1581           4.14     0.16084337
1584            4.1     0.12180723
1587           3.91   -0.067108434
1590           3.79    -0.18638554
1593           3.83    -0.14534137
1596           4.09     0.11590361
1599           3.81    -0.16329317
1602           3.73    -0.24257028
1605           3.61     -0.3624498
1608           3.52    -0.45228916
1611           3.48    -0.49188755
1614           3.52    -0.45301205
1617           3.76    -0.21690763
1620           3.77    -0.20883534
1623           3.81    -0.16803213
1626           3.79     -0.1875502
1629           3.79    -0.18618474
1632            3.7    -0.27453815
1635           3.74    -0.23317269
1638           4.02    0.048915663
1641           3.59    -0.37835341
1644           3.62    -0.34610442
1647           3.95   -0.014096386
1650           4.16     0.19698795
1653           4.34     0.37646586
1656           4.22     0.25738956
1659            4.3     0.33907631
1662           4.27     0.31048193
1665            4.2     0.24176707
1668           4.25     0.29293173
1671           4.09     0.13429719
1674           4.04     0.08502008
1677           3.82    -0.13437751
1680           3.77    -0.18277108
1683           3.75    -0.20172691
1686           4.16     0.20931727
1689           3.93   -0.021365462
1692           3.99    0.037108434
1695           4.11     0.15538153
1698           4.39     0.43582329
1701           4.52     0.56598394
1704           4.42     0.46594378
1707           4.44      0.4853012
1710           4.17     0.21473896
1713           4.13     0.17445783
1716           3.88   -0.075461847
1719           3.91   -0.045261044
1722           4.08     0.12204819
1725           4.13     0.17060241
1728           4.03    0.068514056
1731           4.09     0.12759036
1734           4.06     0.09815261
1737           3.89   -0.071566265
1740           4.01    0.050281124
1743           4.04    0.081967871
1746           4.17     0.21433735
1749           4.36     0.40514056
1752           4.47     0.51598394
1755           4.49     0.53706827
1758            4.4     0.44787149
1761           4.05     0.10032129
1764           3.93   -0.018473896
1767           3.74    -0.20771084
1770           3.66    -0.29044177
1773           3.43    -0.52333333
1776           3.46    -0.49686747
1779           3.65    -0.31016064
1782           3.96  -0.0027309237
1785           4.03    0.065421687
1788           4.15     0.18465863
1791           4.22     0.25449799
1794           4.32     0.35558233
1797           4.24     0.27759036
1800           4.23     0.26927711
1803           4.05    0.091526104
1806           3.85    -0.10738956
1809           3.89   -0.066305221
1812           3.74    -0.21598394
1815           3.78    -0.17654618
1818           3.97    0.011927711
1821            4.1      0.1388755
1824           3.75    -0.21381526
1827           3.66    -0.30606426
1830           3.85    -0.11763052
1833           3.98    0.013493976
1836           4.16     0.19393574
1839           3.96  -0.0053012048
1842           3.98    0.016626506
1845           3.85    -0.11477912
1848           3.71    -0.25594378
1851           3.88     -0.0862249
1854           4.05    0.083975904
1857           4.14     0.17293173
1860           4.13      0.1626506
1863           3.95    -0.01939759
1866            3.7     -0.2715261
1869            3.8    -0.17349398
1872            3.9   -0.074457831
1875           4.07    0.096024096
1878           4.28     0.30759036
1881           4.49     0.51959839
1884           4.41     0.44277108
1887           4.33     0.36550201
1890           4.22     0.25606426
1893            4.1       0.137751
1896           3.98    0.018192771
1899           4.03    0.068554217
1902           4.07      0.1097992
1905           4.12      0.1624498
1908           4.16     0.20546185
1911           4.16     0.20907631
1914           4.07     0.12200803
1917           4.12     0.17413655
1920           3.92   -0.024899598
1923            3.9   -0.045060241
1926           3.83    -0.11421687
1929           3.84    -0.10401606
1932           3.77    -0.17301205
1935            3.7    -0.24208835
1938           3.56    -0.38156627
1941           3.64    -0.30232932
1944           3.77    -0.17104418
1947           3.79    -0.14726908
1950           3.95    0.015662651
1953           4.18     0.24839357
1956           4.31     0.38096386
1959            4.2     0.27345382
1962           4.25     0.32590361
1965           4.13     0.20730924
1968           3.97    0.048714859
1971           3.87   -0.048353414
1974           3.88   -0.035381526
1977           3.75    -0.16582329
1980           3.52    -0.39658635
1983           3.43    -0.48787149
1986            3.7    -0.21931727
1989           4.01    0.089638554
1992           4.26           0.34
1995           4.05     0.13012048
1998           4.23     0.30963855
2001           3.91   -0.011124498
2004           3.75    -0.17164659
2007           3.72    -0.20212851
2010           3.65    -0.27196787
2013           3.53    -0.39064257
2016           3.42    -0.50100402
2019           3.43    -0.49128514
2022           3.58    -0.34096386
2025            3.8    -0.11963855
2028           3.63    -0.28738956
2031           3.69    -0.22586345
2034           4.03     0.11582329
2037           3.98     0.06811245
2040           3.95    0.040321285
2043              4     0.09248996
2046           4.09     0.18361446
2049           4.11     0.20522088
2052           3.78    -0.12381526
2055            3.8    -0.10228916
2058           3.67    -0.23164659
2061           3.97    0.071004016
2064           4.12     0.22208835
2067           4.27     0.37156627
2070           4.06     0.16008032
2073           4.13     0.22951807
2076           4.25     0.35080321
2079           4.51     0.61176707
2082           4.49     0.59497992
2085            4.4      0.5064257
2088            4.3     0.40871486
2091           4.18     0.28959839
2094           4.23     0.34128514
2097            4.1     0.21333333
2100           3.95    0.066586345
2103            3.8   -0.081204819
2106           3.77    -0.11052209
2109           3.77    -0.11100402
2112           3.69    -0.19369478
2115            3.6    -0.28554217
2118           3.71    -0.17694779
2121           4.14     0.25253012
2124           4.18     0.29309237
2127           4.01     0.12445783
2130           3.97      0.0862249
2133           3.59    -0.29200803
2136           3.47    -0.41128514
2139           3.65    -0.23072289
2142           4.44     0.55943775
2145           4.49     0.60959839
2148           4.41     0.52875502
2151           4.32     0.43670683
2154           4.33     0.44353414
2157           4.26     0.37172691
2160           4.24     0.35032129
2163           4.09     0.20108434
2166              4     0.11104418
2169           3.91    0.022690763
2172           3.82   -0.068473896
2175           3.68    -0.20405622
2178            3.7    -0.18196787
2181            3.6    -0.28120482
2184           3.67    -0.21048193
2187           3.52    -0.36044177
2190           3.85   -0.030803213
2193           4.16     0.28012048
2196            4.1     0.22196787
2199           3.99     0.11257028
2202           4.14     0.26297189
2205           4.06     0.18433735
2208           4.13     0.25638554
2211           3.93    0.059196787
2214           3.69    -0.17903614
2217           3.95    0.083574297
2220           3.74    -0.12497992
2223           3.59    -0.27546185
2226           3.47    -0.39485944
2229           3.77   -0.094738956
2232            3.6    -0.26255061
2235           4.01     0.14714286
2238           3.97     0.10703704
2241           4.06     0.19962656
2244           4.02     0.16456067
2247           3.95    0.098101266
2250           3.86   0.0097021277
2253           3.67    -0.17858369
2256           3.57    -0.27606061
2259           3.52    -0.32371179
2262           3.64    -0.20215859
2265           3.46    -0.38195556
2268           3.64      -0.202287
2271            3.7    -0.14420814
2274           3.61    -0.23547945
2277           3.51    -0.33525346
2280            3.6    -0.24153488
2283           3.61    -0.22793427
2286            3.8   -0.035924171
2289           3.84   0.0044497608
2292           3.82   -0.017487923
2295           3.96     0.11985366
2298           3.63    -0.20724138
2301           3.72    -0.11422886
2304           3.57    -0.26427136
2307            3.7     -0.1357868
2310           3.79   -0.049487179
2313           3.77   -0.072953368
2316           3.58    -0.26429319
2319           3.51    -0.33412698
2322           3.49    -0.35283422
2325           3.44    -0.40064865
2328            3.5     -0.3395082
2331           3.48    -0.36066298
2334            3.3    -0.53837989
2337           3.44    -0.39468927
2340           3.48    -0.35062857
2343           3.36    -0.46289017
2346           3.07    -0.74672515
2349           3.84    0.027869822
2352            3.8  -0.0095808383
2355           3.84    0.030121212
2358           3.84    0.029141104
2361           3.78   -0.032795031
2364           3.67    -0.13842767
2367           3.74    -0.06611465
2370           3.93     0.12032258
2373           3.98     0.17339869
2376           3.92     0.12192053
2379           3.82    0.028993289
2382            3.7   -0.084761905
2385           3.69   -0.091172414
2388           3.68           -0.1
2391           3.69   -0.091276596
2394           3.87    0.086618705
2397           3.83    0.045182482
2400           3.78   0.0002962963
2403           3.84    0.064586466
2406           3.88     0.10946565
2409            3.7   -0.069922481
2412           3.65    -0.11874016
2415           3.71       -0.06256
2418           3.81     0.03601626
2421           3.64    -0.13041322
2424           3.58    -0.18588235
2427           3.39    -0.37350427
2430           3.59         -0.176
2433            3.5    -0.26929204
2436           3.66    -0.11324324
2439           4.12     0.34458716
2442           4.48     0.70046729
2445           4.53     0.74904762
2448            4.2           0.42
2451           4.18     0.40029703
2454           3.64    -0.14242424
2457           3.81    0.026804124
2460           3.56    -0.22547368
2463           3.66     -0.1316129
2466           3.49    -0.30868132
2469           3.57    -0.23786517
2472           3.32    -0.49586207
2475           3.48          -0.35
2478           3.92    0.089759036
2481           4.18           0.35
2484           4.56     0.72734177
2487           4.47      0.6374026
2490           4.39     0.56053333
2493            4.3     0.46863014
2496           4.22     0.38450704
2499           4.13     0.29289855
2502           4.05      0.2119403
2505           3.96     0.12261538
2508           3.87    0.027460317
2511           3.79   -0.055245902
2514            3.7    -0.15322034
2517           3.62    -0.24596491
2520           3.64    -0.23636364
2523           3.97     0.10962264
2526           4.44     0.59941176
2529           4.41      0.5722449
2532           4.38     0.53574468
2535           3.96     0.10377778
2538           4.23     0.35465116
2541           3.91    0.026097561
2544           4.53     0.67102564
2547           3.13    -0.69810811
2550           3.53    -0.27342857
2553           3.66    -0.12606061
2556           3.71   -0.067741935
2559           3.73          -0.05
2562           3.87    0.078888889
2565           3.74         -0.018
2568           3.64   -0.062608696
2571            3.6   -0.065238095
2574           3.56   -0.046842105
2577           3.51    -0.12941176
2580           3.47    -0.16333333
2583           3.46    -0.14769231
2586           3.52   -0.072727273
2589           3.33    -0.26555556
2592           3.49    -0.13571429
2595           3.83           0.15
2598           3.73          -0.13
2601           4.02              0
