  6.1881188e-003
 -1.6474465e-003
  2.0635576e-003
  6.6472788e-003
  2.9166667e-003
  2.0876827e-003
 -1.8040180e-002
  1.6427105e-003
  6.6143034e-003
 -6.1626952e-003
 -1.2310217e-003
 -3.6794767e-003
 -2.4469821e-003
 -4.4660983e-003
 -4.0584416e-004
 -6.4516129e-003
  1.3900245e-002
 -4.8820179e-003
  1.9566281e-003
 -4.3831169e-003
 -2.3887607e-003
 -6.2364207e-003
  4.2020202e-003
 -8.4776553e-004
 -1.3706914e-003
 -5.8514689e-003
  1.0431294e-003
  2.4130304e-003
  7.2918777e-003
 -5.6394763e-003
  8.0628905e-004
 -1.6099819e-003
  3.6356292e-003
 -1.4521399e-003
 -3.7773759e-003
  1.9849302e-003
  8.0376160e-005
  2.3363545e-003
 -3.6122818e-003
 -2.6020817e-003
  3.1725634e-003
  4.3560682e-003
 -6.8520758e-004
  3.6407767e-003
 -2.2199798e-003
  6.0581583e-004
 -1.2504538e-003
  7.5594391e-003
 -6.0926076e-004
 -8.5223814e-004
  1.2596505e-003
 -2.4725386e-003
 -3.7956794e-003
  7.6780086e-004
 -2.2731738e-004
  9.6429763e-004
 -7.1417108e-003
  1.5269630e-003
 -2.9647436e-003
 -2.1914851e-003
 -3.7916584e-003
  7.9888157e-004
  1.1997600e-003
  9.2049120e-004
 -1.5971252e-003
  1.0392102e-003
 -1.5962329e-003
 -5.9896866e-003
  1.9474584e-003
 -1.3494741e-003
  2.5865499e-003
  1.7939007e-003
  5.2093769e-003
 -3.1158870e-003
  1.0397089e-003
  1.0587998e-002
  6.0655075e-004
 -3.6261080e-003
 -1.2072435e-003
 -4.0080160e-003
 -8.0096115e-004
  2.3684316e-003
  2.6564701e-003
 -3.5694233e-003
  2.6136958e-003
  2.1761032e-003
  2.2413580e-002
  2.8924425e-003
  4.3992530e-003
 -1.2435233e-003
 -3.5521044e-003
  1.0939914e-002
  1.6311167e-003
  1.6337816e-003
  2.7725268e-003
  2.4091202e-002
 -5.3487377e-003
 -2.5667351e-004
 -6.3759245e-003
 -2.4592944e-003
 -4.2222598e-003
  6.7159738e-003
  6.7613831e-003
  1.4571012e-003
 -8.2454947e-003
  3.5830063e-003
 -2.5527570e-003
 -5.9632058e-003
  5.3146259e-003
 -1.6554183e-003
 -4.4791887e-003
  1.2406417e-002
 -2.3474178e-003
  1.2820513e-003
  9.9266293e-003
  3.6820446e-003
 -3.2383420e-003
 -9.0282829e-003
 -4.2181508e-003
  7.2961373e-003
 -5.7606145e-003
  4.8882981e-003
  1.3075586e-002
  8.9853167e-003
 -3.2765400e-003
  6.5963061e-003
 -5.4668708e-003
  3.5110819e-003
  5.7382476e-003
 -1.1937542e-003
  1.8065276e-003
 -1.0582477e-003
 -4.0402266e-003
  6.8980765e-003
  3.5500333e-003
  1.3720198e-002
  3.3852404e-003
 -1.3522650e-003
  8.1799591e-003
 -3.6223681e-003
  1.3602358e-003
 -7.2023408e-003
 -1.1128422e-002
  3.5738218e-003
  5.3896250e-003
  3.8469830e-004
  8.8355233e-003
  8.6163893e-004
  2.7217056e-004
  9.0805902e-004
 -1.4761798e-002
  4.9449314e-003
 -2.9134917e-003
 -1.2087568e-003
  7.0330463e-003
 -3.0563171e-003
 -2.5106478e-003
  8.1355932e-003
  1.8111841e-003
  9.0641287e-004
 -4.5300113e-004
  7.1171130e-003
  9.3944278e-003
  5.0914140e-003
  7.1791525e-003
  3.4671860e-004
  2.6642984e-003
 -4.0037244e-003
 -1.5803663e-003
 -5.5746539e-004
  1.6751978e-003
  1.0580767e-002
 -2.0648552e-003
  3.0124735e-003
 -2.3529412e-004
  1.0509297e-002
 -5.9560388e-003
 -4.3300231e-003
 -4.3580131e-003
 -2.0651675e-002
 -1.8468468e-002
 -3.1432420e-003
  2.1091243e-002
 -4.5829514e-004
  2.6340546e-002
  3.7771483e-003
 -1.1204482e-002
  4.2194093e-003
 -6.5207266e-003
 -6.9380204e-003
 -9.1659028e-003
  7.5729590e-003
  4.9187935e-003
 -7.8268877e-003
 -9.1240876e-003
 -4.5599635e-004
  1.2933025e-002
  6.0408922e-003
 -4.6253469e-003
 -3.2272937e-003
  4.6125461e-004
 -2.3009664e-003
  9.2123445e-004
  1.4960262e-002
  1.4044944e-003
 -9.3624192e-005
  3.8533835e-003
  9.9667774e-003
 -6.6006601e-003
  9.5192765e-003
  6.7081936e-003
 -1.4354067e-003
 -2.8625954e-003
  5.7581574e-003
 -3.4429992e-003
 -4.3018976e-004
  1.4839636e-003
  6.2620424e-003
  3.8684720e-003
  9.2728160e-003
  1.3854527e-002
 -3.4516765e-003
 -4.9285362e-004
 -6.8526676e-003
 -2.8299643e-002
  1.9146873e-002
 -5.7831325e-003
 -1.1434016e-002
  1.9093079e-003
  5.7609217e-003
 -2.3484292e-003
 -4.3021033e-003
 -6.7419998e-003
 -5.1015588e-003
  7.6154212e-003
  7.6738609e-003
  1.9221528e-003
 -1.4211274e-002
  3.8040894e-003
 -1.1748120e-002
  1.4117647e-003
  3.7789325e-003
 -3.7647059e-003
  1.2869399e-002
  4.7892720e-003
  1.4388489e-003
 -1.8823529e-002
 -9.4029149e-004
  1.8841262e-003
  1.8876829e-003
  2.2759595e-003
  4.7415837e-003
  1.9002375e-003
 -6.6068900e-003
 -9.4295144e-004
  3.7860861e-003
  2.3719165e-003
 -1.4211274e-003
  3.8040894e-003
 -3.3175355e-003
 -6.5913371e-003
  3.7807183e-003
 -1.8218031e-003
 -1.3059701e-002
  4.6663556e-004
 -1.8630647e-003
  2.8024288e-003
 -2.3299161e-003
 -6.0213062e-003
 -3.9675217e-003
 -2.4850437e-003
  5.0878816e-003
 -4.3290043e-003
  1.7530910e-003
  4.6155266e-004
 -1.3827434e-003
  7.7101719e-003
  3.7296037e-003
 -9.4666359e-003
 -2.3084026e-004
  1.9428254e-003
 -1.2935415e-003
  9.0434458e-003
  7.6092062e-003
  3.2987747e-003
 -4.6904315e-003
 -9.3720712e-004
 -2.8037383e-003
 -1.2134790e-003
 -1.1259806e-002
  1.1087499e-003
 -6.6997063e-003
  7.0240296e-003
 -9.2336103e-004
 -3.7715022e-003
 -4.9427918e-003
  2.7535567e-003
  2.5766081e-003
 -2.7598896e-004
  2.7675277e-003
  1.4781966e-003
  6.1349693e-003
 -9.3922652e-003
 -7.3610600e-004
 -4.3972151e-003
  1.9274897e-003
 -2.7459954e-003
 -3.6479708e-003
 -1.0931949e-003
 -1.6371078e-003
 -5.8770344e-003
 -3.9625360e-003
  3.9783002e-003
  4.5228403e-004
 -2.9761905e-003
 -1.4056530e-003
 -2.0495447e-003
 -6.2735257e-003
 -3.7500000e-003
  2.0577973e-003
  1.9935318e-003
 -5.6049822e-003
 -6.4527535e-003
  3.1033871e-003
  9.0364141e-003
 -4.0987258e-003
 -1.3347571e-003
  1.7591259e-003
  4.7384890e-003
  5.3932584e-003
 -4.4923630e-004
  5.4200542e-003
 -4.5146727e-004
 -6.9936340e-003
  3.8703870e-003
 -6.7054090e-003
  6.7506751e-003
  7.7097506e-003
  5.0136737e-003
  6.3851136e-004
  7.6286765e-003
  6.9412309e-003
  7.4094656e-004
 -1.2025902e-003
 -7.9838488e-003
  4.0541786e-003
 -1.6557814e-003
  8.8158872e-003
 -6.3623790e-003
  7.4314909e-003
  3.4101825e-002
  1.4430014e-003
  1.4450867e-003
 -2.8818444e-003
 -2.8810141e-004
 -2.0413923e-002
  9.4966762e-003
 -3.7842952e-003
  8.1068193e-003
  1.4326648e-003
  5.7636888e-003
 -6.4897881e-003
  9.9277108e-003
  8.6822304e-004
 -1.6974870e-002
 -1.4204545e-003
  2.8490028e-003
 -5.1960321e-003
  1.6086298e-003
  6.1887080e-003
 -8.6833412e-003
 -4.7169811e-004
  1.8903592e-003
  4.7281324e-004
 -3.8620950e-003
 -3.7664783e-004
  2.8328612e-003
 -4.2313117e-003
  9.2526690e-003
  5.1988934e-003
  4.7924854e-003
  8.9941973e-003
  2.4236549e-003
  5.0667446e-003
 -3.9072990e-004
 -2.9782914e-003
 -9.6497153e-003
 -7.8506462e-003
 -3.8149738e-003
 -2.0938422e-003
  1.5463419e-002
 -7.7257364e-004
 -3.8613766e-004
 -4.4209515e-003
  4.0528804e-003
  2.7092404e-003
  9.6852300e-004
 -1.9366709e-004
 -3.2815365e-003
 -1.9299431e-004
  3.6803874e-003
  4.2797393e-003
  4.2981342e-003
  3.6274510e-003
 -4.8995590e-004
  3.9464773e-004
  8.8976767e-003
 -8.8192063e-003
 -5.8451047e-003
 -7.7874039e-004
 -9.7247885e-004
 -1.0393610e-002
 -4.7888133e-003
  2.4963994e-003
 -6.4866927e-003
  1.9114977e-003
  2.2990708e-003
  7.6254826e-003
 -4.1334231e-003
  9.6218609e-004
 -3.8339883e-003
 -5.4337464e-003
  4.5006224e-003
 -1.9147918e-004
  1.9184652e-003
  4.6683923e-004
 -4.5832140e-003
  5.7323015e-004
 -2.4778424e-003
 -3.9867110e-003
  5.6985469e-004
  1.1410098e-003
  1.0181539e-002
 -3.2551460e-003
  8.1073255e-003
  4.8491902e-003
  5.4607509e-003
 -1.5091768e-003
 -5.2784504e-003
  4.3285832e-003
  8.0898215e-003
  1.1254896e-002
 -2.5715840e-003
 -4.9451093e-005
  5.9695553e-003
  5.8040628e-003
 -6.0006001e-004
  1.2146978e-002
  3.9634146e-003
 -1.3193951e-003
 -3.6404085e-003
  4.0465352e-004
  6.7216621e-003
 -5.9728690e-003
  7.5479396e-003
  6.5708419e-003
  6.5102821e-003
 -1.3356444e-002
 -4.7691527e-003
  4.4847620e-003
 -3.2510413e-003
 -8.6614966e-003
  8.2250203e-003
 -7.1029934e-004
  5.0761421e-004
 -3.5407183e-003
  8.1591025e-003
 -1.7308084e-003
 -8.3796063e-003
 -1.0983525e-002
  1.0085729e-002
 -1.1958146e-002
 -3.2254133e-003
  1.7969452e-003
 -2.7874564e-003
 -7.9012346e-003
  1.9756989e-004
  2.9644269e-004
  3.5700119e-003
  6.3872255e-003
  5.9916117e-004
 -1.9932230e-003
  1.0974758e-003
  1.2219754e-002
  5.7897410e-003
  5.6179775e-003
 -5.5865922e-003
 -2.0273695e-003
 -1.1027569e-002
 -5.9790732e-003
 -1.5194290e-003
  7.7324764e-003
 -5.8899870e-003
  5.9248845e-003
  3.5271591e-003
 -2.0151134e-004
  4.9615229e-003
 -5.2377115e-003
 -1.9101237e-003
  3.2274332e-003
  2.6291839e-003
 -4.0432629e-004
 -1.4131422e-003
 -2.8183191e-003
  6.2797529e-003
  5.0668829e-004
  9.9273360e-003
 -2.4502297e-003
 -1.0198878e-003
  4.0962622e-003
 -9.9361249e-003
  4.3788187e-003
 -5.5696203e-003
  1.0136847e-003
 -4.3399273e-003
 -4.0209087e-003
 -1.4053403e-003
  1.7094017e-003
 -1.8066847e-003
 -5.8870485e-003
 -1.5939430e-003
 -6.9686411e-004
  5.5055055e-003
  8.0144260e-004
  1.6393443e-002
  5.7347670e-003
 -1.0230179e-003
  4.7281324e-003
  5.1419169e-004
 -1.1299435e-003
  1.7493311e-003
  2.2689769e-003
 -4.1237113e-004
  3.0937403e-004
 -5.4358974e-003
  6.6074747e-003
  1.0325245e-004
  1.1883545e-003
 -1.3345558e-002
  5.9438410e-003
  3.3933162e-003
  3.6119711e-003
 -8.6956522e-003
 -1.3281569e-003
  3.8974359e-003
 -6.8248956e-003
 -1.0176046e-003
 -1.5240805e-003
  3.4665579e-003
 -4.0617384e-003
  1.2709064e-003
  1.9865526e-003
 -9.1603053e-004
 -2.0314881e-003
 -1.9261963e-003
  6.0864273e-004
 -4.0412204e-003
  9.1010213e-004
 -4.8304317e-003
 -1.0751618e-002
  1.9950125e-003
 -1.9946145e-004
  1.8984812e-003
 -3.1872510e-003
  1.9960080e-003
  1.6994902e-003
 -2.3935374e-003
 -1.9942168e-004
  4.9880287e-004
 -1.6113854e-003
  8.9865202e-004
 -8.9784517e-004
  3.9920160e-004
 -2.2901523e-003
  2.1953897e-003
 -2.6280383e-003
  4.5662231e-003
 -1.2955950e-003
  7.4297189e-003
  1.1056388e-003
 -8.0467442e-005
 -1.0443605e-002
 -8.1878268e-003
  3.9615727e-003
 -3.4544019e-003
  9.8674375e-003
 -6.4744260e-004
  4.6532573e-003
  1.1437247e-002
  7.0900436e-004
  2.9459569e-003
 -6.1585058e-003
 -9.0780714e-004
 -3.1171443e-003
  5.0301811e-004
 -2.6088702e-003
  4.0152580e-004
  2.0080321e-004
  3.1221674e-003
 -1.0070493e-004
  9.6593798e-003
 -1.3243704e-002
  3.5239629e-003
 -1.6083635e-003
 -2.2066199e-003
  4.0281974e-003
 -1.0060362e-003
  4.8016174e-003
  1.0625379e-003
  2.0242915e-004
  1.8251876e-003
 -3.5047206e-003
  1.9303058e-003
  1.0263779e-002
 -5.1292573e-004
  3.3968091e-003
 -1.3363487e-003
  4.1288192e-003
  1.0332713e-003
 -2.6793075e-003
  3.9313056e-003
  7.2471270e-004
 -1.1375388e-003
  1.1188957e-002
  1.4103924e-002
  1.7589295e-002
  1.7233809e-002
 -3.0641278e-003
  9.7237569e-003
 -2.7548209e-003
  3.6496350e-003
 -5.2805281e-003
  1.4395715e-002
 -7.0914127e-003
  1.3475576e-002
 -3.9149888e-003
  1.1198208e-003
  4.4994376e-003
  6.7950170e-003
 -7.8651685e-003
 -8.4198709e-004
 -8.4127874e-004
  1.0312783e-002
 -1.4628699e-002
  3.3706568e-002
  4.9883991e-003
 -1.6214964e-003
  2.5545750e-003
  7.8408426e-003
  1.5448604e-002
  1.3245033e-002
 -8.3582090e-003
 -2.1446443e-003
  4.5481747e-003
  1.5352020e-004
 -1.7865395e-003
  2.7422528e-002
  6.0621057e-003
 -2.5733743e-002
 -9.9642005e-003
  9.6385542e-003
  1.1948305e-002
 -2.0890534e-002
  1.7938292e-003
 -4.8792098e-003
  6.3473054e-003
 -1.6738403e-003
  2.5170802e-003
 -3.1067033e-003
 -4.2831648e-003
 -2.4570107e-003
  1.1432010e-002
 -9.6531999e-003
 -1.9971969e-002
 -1.5296147e-002
  2.6522140e-003
  5.3327150e-003
 -5.0749712e-003
 -7.6685361e-003
  7.1469741e-003
 -8.5714286e-003
  2.9802843e-003
 -6.8728522e-004
  2.6696460e-002
  2.6932367e-002
 -1.9055764e-003
 -1.5073862e-003
 -1.9799054e-002
  2.3646252e-004
 -3.7691402e-003
  3.5460993e-003
 -5.8754407e-003
  9.9691431e-003
 -6.9534473e-003
  6.6437300e-003
  4.6483909e-003
 -5.2169789e-003
  1.1858176e-004
 -4.9557522e-003
  1.7730496e-003
 -3.6509245e-003
  3.0714708e-003
  3.5566094e-003
  1.5435763e-003
 -2.6054003e-003
  1.0669828e-003
  2.7341893e-003
 -1.9808902e-002
  1.4420804e-002
 -2.1819897e-003
  1.6388119e-003
  5.8976174e-005
 -1.7073889e-003
 -2.5838276e-003
 -1.7935409e-002
 -4.3066322e-003
 -3.1482541e-003
 -2.1704364e-003
  1.6018307e-003
 -5.2356021e-003
 -8.9114495e-003
  3.5091691e-003
  8.3899321e-003
 -5.1340559e-004
 -1.0163749e-002
  1.2000000e-002
 -3.0762219e-003
 -1.7628661e-003
  1.6860077e-004
 -3.1179138e-003
 -5.6657224e-004
 -1.3579269e-003
 -2.6762115e-002
  4.4247788e-003
 -9.3150685e-003
 -5.4764513e-004
 -6.5288357e-003
  4.7009949e-003
 -1.3906856e-002
 -1.0243278e-002
  1.2820513e-003
 -3.1557165e-002
 -1.1758691e-002
  1.0235415e-003
  7.7359464e-003
  3.1039834e-003
 -4.1369325e-004
  1.1389522e-003
  1.0355183e-004
 -3.6230009e-004
  2.1621504e-003
 -1.2117803e-002
 -1.0723318e-002
  1.1046333e-002
  2.7692308e-003
  5.1308363e-004
 -2.8650363e-003
 -1.1830131e-002
  2.5850271e-003
 -1.2117570e-002
  9.5228549e-004
 -1.1004263e-002
 -1.6861598e-002
  1.4641288e-003
 -8.9959373e-003
 -1.8345081e-003
 -5.5688910e-003
  1.1459648e-002
  3.3835341e-002
  8.0971660e-003
 -1.1307916e-002
 -7.3507500e-003
  7.2036018e-003
  3.5140562e-003
  5.5527511e-003
 -1.5211772e-002
 -9.3568403e-003
  8.2423039e-003
  1.1653607e-002
 -1.0340028e-002
  1.3938670e-003
 -1.9872814e-003
 -2.7744748e-003
  6.5828845e-003
 -4.4682752e-003
  2.5883524e-003
  1.9950125e-003
 -4.0731174e-003
  1.0939831e-003
  2.4925224e-003
  6.5228299e-003
 -8.2603503e-003
 -8.5841145e-003
 -1.6745469e-003
 -2.9542097e-004
 -5.9049306e-004
 -6.2591687e-003
 -6.6064316e-003
 -5.5072464e-003
 -3.3702455e-003
  5.8111380e-003
  4.8449612e-004
  6.8292683e-003
  1.7369727e-002
 -1.4866204e-003
 -7.3782587e-003
 -4.9164208e-004
  7.7288942e-003
 -1.2427831e-002
  2.3540951e-003
  5.9200789e-003
 -1.7728750e-003
  9.0439276e-003
  1.9880716e-004
 -8.5739627e-003
 -2.7518428e-003
  6.1307228e-003
 -3.4489555e-003
 -2.8495627e-003
  5.6324111e-003
  1.4844137e-003
 -3.3533879e-003
  5.9212474e-004
 -4.9319392e-004
  2.2738507e-003
  9.8960910e-004
 -7.8546883e-003
  1.2780181e-003
  2.2662331e-003
 -6.6555740e-003
  5.1155927e-003
 -1.7676520e-003
 -1.8623799e-003
  2.4565196e-003
 -7.1219512e-003
 -1.6249785e-003
  8.1840887e-004
 -2.4330900e-003
  4.8685492e-004
 -5.3268765e-003
 -1.0343139e-003
 -6.2560154e-003
 -4.7892720e-003
 -1.8335684e-002
  1.3146613e-002
 -4.0796964e-003
  5.2455889e-003
 -4.4625902e-003
  5.2495943e-003
 -2.6653974e-003
 -1.4258555e-003
 -4.8245199e-003
  1.5158693e-003
 -4.7348485e-004
  2.0876827e-003
 -3.3103187e-003
 -1.0393046e-003
 -1.0563709e-002
 -7.4731434e-004
  4.6926326e-003
 -2.0605039e-003
 -4.1969782e-003
  2.5245442e-003
 -3.7386672e-004
  3.1879981e-003
  1.6682555e-002
 -5.2157421e-003
 -5.2825205e-003
 -7.8614881e-003
 -1.6817715e-003
  3.0927835e-003
 -2.0576132e-003
  1.5925059e-003
  5.8418920e-003
  9.3200190e-003
  1.0766125e-002
 -1.9971738e-002
  9.9904853e-003
  1.4292520e-003
  1.9093079e-003
  3.8332535e-003
  9.5923261e-004
 -1.8192264e-003
 -6.9411429e-003
 -4.5433034e-003
  5.7115659e-003
 -1.9034929e-004
 -2.6578073e-003
  1.8987943e-004
 -5.6641178e-003
  5.3146057e-003
 -1.7999242e-003
  2.4691358e-003
 -1.2330456e-003
 -3.6855037e-003
 -1.8864365e-003
 -1.9768427e-003
 -3.7639974e-004
 -3.1891943e-003
 -1.7790262e-003
  5.6497175e-003
 -1.5043249e-003
 -2.0641771e-003
  2.1626704e-003
 -5.6100982e-003
 -4.3753491e-003
 -7.4418605e-004
  7.0257611e-003
 -2.3364486e-003
  1.2354128e-004
  1.7181454e-004
 -1.0816308e-002
 -4.0511923e-003
  1.4753343e-003
 -1.2892532e-003
  1.7527675e-003
  1.2931831e-003
 -1.8470632e-004
  1.3478098e-002
 -2.0549225e-003
  3.4679914e-003
  1.1260205e-003
 -2.1535581e-003
  3.2879286e-003
  8.5267646e-003
  1.0047847e-002
 -2.2913882e-003
 -3.1407633e-003
  4.3012808e-003
 -2.1936099e-003
  2.0032609e-003
 -6.6717499e-004
 -2.1873514e-003
  3.3396947e-003
 -4.5592705e-003
  3.5268325e-003
 -9.8159509e-003
 -7.4941452e-003
  7.4997656e-004
  5.2197788e-003
 -3.9219348e-003
  8.4112150e-004
  4.0431872e-003
  2.5297480e-003
 -1.0293027e-002
 -2.3462024e-003
 -6.7237727e-003
 -1.3796909e-003
  1.0408922e-002
 -2.6879229e-003
 -3.6017732e-003
 -8.8787185e-003
  4.4129815e-003
 -3.9377289e-003
  4.7949197e-003
  1.2836970e-003
 -4.0182648e-003
  7.3112776e-004
  4.4983017e-003
  1.1028398e-003
 -9.1894872e-005
  7.3127835e-003
 -9.2558312e-005
 -5.5504163e-004
 -8.7116002e-003
  1.1016249e-003
 -1.0088041e-003
 -4.8370904e-003
  2.5619910e-003
 -1.1880826e-003
 -1.3689879e-003
 -4.9041867e-003
 -1.2698413e-003
 -1.3586957e-003
 -4.3290043e-003
 -1.8034265e-004
  6.5347613e-003
  5.4486015e-004
 -7.2595281e-004
 -4.0668775e-003
  1.8107741e-003
  1.2095666e-002
  3.5865367e-003
  6.3859324e-003
 -9.2464170e-004
  7.6399888e-003
 -6.6635817e-003
 -2.7688048e-003
 -2.2613512e-003
 -1.1062967e-003
  2.3101090e-003
  1.5733457e-003
  1.2177986e-002
  2.8110945e-004
 -1.6838167e-003
  2.6261489e-003
 -2.0591539e-003
 -9.6403411e-003
 -2.0351526e-003
 -3.7852392e-004
