  4.5000000e-003
  1.6000000e-002
 -2.8000000e-003
 -1.5700000e-002
 -4.4300000e-002
 -2.3200000e-002
 -6.5000000e-003
 -8.0000000e-003
  5.2000000e-003
 -5.2000000e-003
 -2.8300000e-002
 -8.7000000e-003
 -2.0000000e-003
 -8.0000000e-003
 -6.5000000e-003
 -2.9000000e-002
  1.8000000e-002
  3.0000000e-003
 -1.7000000e-002
 -3.0000000e-003
 -1.8500000e-002
 -5.5000000e-003
  1.4800000e-002
 -5.3000000e-003
  2.6500000e-002
 -2.9000000e-002
  1.0000000e-003
 -1.5000000e-003
  1.3700000e-002
 -1.3700000e-002
 -2.3000000e-003
  8.0000000e-004
  5.5000000e-003
 -2.5000000e-003
 -1.2500000e-002
  4.0000000e-003
  2.6000000e-002
  7.0000000e-003
  2.1000000e-002
 -7.0000000e-003
  3.9500000e-002
 -4.0000000e-003
 -2.5500000e-002
 -1.3700000e-002
  3.7000000e-003
  6.0000000e-003
  2.5000000e-003
  9.5000000e-003
 -2.5000000e-003
 -1.0000000e-002
 -2.0000000e-003
 -2.5500000e-002
 -8.5000000e-003
  5.5000000e-003
  5.0000000e-003
 -5.0000000e-003
 -2.4800000e-002
  2.8000000e-003
 -5.0000000e-004
  7.0000000e-003
 -1.1300000e-002
  4.1800000e-002
 -5.0000000e-004
 -7.5000000e-003
  5.5000000e-003
  1.3000000e-002
 -1.6500000e-002
  2.0000000e-003
 -6.0000000e-003
 -9.0000000e-003
  1.9000000e-002
  5.0000000e-003
 -8.0000000e-003
 -2.4500000e-002
  1.8000000e-002
  2.4000000e-002
 -2.2500000e-002
 -2.3000000e-002
  3.0000000e-003
 -2.9500000e-002
 -3.3000000e-002
 -5.5000000e-003
 -1.3900000e-002
  1.0400000e-002
  3.2000000e-003
 -1.1700000e-002
 -7.0000000e-003
 -3.5000000e-003
 -7.0000000e-003
  1.0000000e-003
 -1.0000000e-003
  2.8500000e-002
 -3.5000000e-003
  4.0000000e-003
  7.0000000e-003
  1.2000000e-003
  2.8000000e-003
 -2.0200000e-002
 -9.8000000e-003
 -7.5000000e-003
  1.9500000e-002
  7.5000000e-003
  1.5000000e-003
  4.5000000e-003
 -7.0000000e-003
  5.0000000e-004
 -1.3000000e-002
 -2.0000000e-003
  3.0000000e-003
 -1.0000000e-003
 -1.0000000e-003
  1.1500000e-002
  4.5000000e-003
  2.4500000e-002
  1.7500000e-002
 -2.5000000e-003
 -5.5000000e-003
 -1.0000000e-003
 -8.5000000e-003
  1.5500000e-002
  2.0000000e-003
  4.0000000e-003
  1.2000000e-002
  1.8500000e-002
 -7.8000000e-003
  2.3000000e-003
 -6.5000000e-003
 -5.0000000e-004
  1.3000000e-002
 -4.0000000e-003
  3.0000000e-003
  3.4000000e-002
 -6.5000000e-003
 -1.0500000e-002
 -1.7000000e-002
  1.4000000e-002
  3.0000000e-003
 -6.0000000e-003
  1.2500000e-002
  2.6200000e-002
  1.4300000e-002
 -1.2000000e-002
 -6.0000000e-003
  7.0000000e-003
 -2.5000000e-003
 -3.0000000e-003
  1.0000000e-003
 -3.5000000e-003
  4.0000000e-003
  2.5000000e-003
 -3.8000000e-002
  7.5000000e-003
 -9.5000000e-003
 -8.5000000e-003
  1.3500000e-002
 -4.5000000e-003
 -2.0000000e-003
  1.0000000e-002
  1.4500000e-002
 -1.4000000e-002
 -6.5000000e-003
  7.0000000e-003
  3.0000000e-003
  9.5000000e-003
  6.0000000e-003
  6.0000000e-003
 -9.5000000e-003
 -1.0500000e-002
 -1.5000000e-003
 -2.0000000e-002
  3.0000000e-003
 -3.0000000e-003
 -4.0000000e-003
  3.5000000e-003
  5.5000000e-003
  1.5000000e-003
 -3.5000000e-003
 -1.7500000e-002
  1.0500000e-002
 -1.8500000e-002
 -8.0000000e-003
 -1.0500000e-002
 -6.5000000e-003
 -3.5000000e-003
  8.0000000e-003
  1.6500000e-002
  1.0000000e-002
 -9.0000000e-003
  1.4500000e-002
  1.5000000e-003
  1.5000000e-003
 -5.0000000e-004
 -1.8500000e-002
  2.5000000e-003
 -1.3000000e-002
 -4.5000000e-003
  1.9000000e-002
  5.0000000e-003
 -1.3000000e-002
 -1.2500000e-002
  2.3000000e-002
  2.5000000e-003
  1.2000000e-002
 -8.0000000e-003
 -6.5000000e-003
  1.5000000e-003
 -8.5000000e-003
 -9.0000000e-003
 -5.0000000e-003
 -4.0000000e-003
  1.5000000e-003
  1.7000000e-002
  1.0000000e-003
 -1.1000000e-002
  3.0000000e-003
 -5.0000000e-003
 -1.4000000e-002
 -8.0000000e-003
 -1.1500000e-002
 -2.0000000e-003
  2.4500000e-002
  3.5000000e-003
  2.5500000e-002
 -7.5000000e-003
  7.0000000e-003
 -9.5000000e-003
 -6.0000000e-003
 -1.4000000e-002
  3.0000000e-002
 -1.1500000e-002
 -9.0000000e-003
 -1.4000000e-002
  1.6500000e-002
 -3.0000000e-003
  2.4000000e-002
  1.0000000e-002
  6.0000000e-003
  8.0000000e-003
  1.1000000e-002
 -3.5000000e-003
 -4.0000000e-003
  1.0000000e-003
  6.5000000e-003
 -2.0500000e-002
  4.0000000e-003
 -4.0000000e-003
 -1.0500000e-002
 -1.0000000e-003
 -1.4500000e-002
 -4.0000000e-003
  1.0000000e-002
  2.5000000e-003
 -1.0000000e-003
 -1.5000000e-002
  8.5000000e-003
  1.0000000e-002
 -9.0000000e-003
  1.0500000e-002
 -3.5000000e-003
  1.2500000e-002
 -4.0000000e-003
  2.0000000e-003
 -1.1500000e-002
 -9.5000000e-003
 -2.0000000e-003
 -1.5000000e-002
 -6.0000000e-003
  8.0000000e-003
 -4.5000000e-003
 -1.4000000e-002
  1.3000000e-002
 -6.0000000e-003
 -9.0000000e-003
  9.0000000e-003
 -2.2000000e-003
 -6.8000000e-003
  2.0000000e-003
 -2.5000000e-003
 -2.0000000e-003
  7.0000000e-003
 -6.0000000e-003
 -1.2800000e-002
  7.3000000e-003
  3.7000000e-003
  8.0000000e-004
  1.1000000e-002
 -7.5000000e-003
 -6.0000000e-003
  1.3000000e-003
 -6.8000000e-003
  4.0000000e-003
  4.4000000e-003
  8.1000000e-003
 -1.7000000e-003
 -6.1000000e-003
  8.8000000e-003
 -4.1000000e-003
 -4.4000000e-003
  1.2000000e-003
  7.6000000e-003
  1.0200000e-002
 -8.0000000e-003
  4.3000000e-003
 -5.0000000e-004
 -7.0000000e-004
 -4.2000000e-003
  1.1000000e-003
 -9.0000000e-003
  6.5000000e-003
  2.0000000e-003
 -5.5000000e-003
  3.5000000e-003
  5.5000000e-003
  9.0000000e-003
 -3.5000000e-003
 -2.0000000e-003
  7.0000000e-003
 -9.0000000e-003
 -1.4500000e-002
  1.0000000e-003
  7.0000000e-003
  5.5000000e-003
  3.5000000e-003
 -1.5000000e-003
  7.5000000e-003
  2.9000000e-003
 -4.9000000e-003
  1.2500000e-002
 -6.5000000e-003
 -4.5000000e-003
 -5.0000000e-004
  5.0000000e-003
 -4.5000000e-003
  7.6000000e-003
 -4.6000000e-003
 -9.0000000e-004
 -1.1000000e-003
  5.0000000e-004
  5.0000000e-004
  6.0000000e-003
  5.0000000e-004
  2.0000000e-003
 -6.5000000e-003
 -2.5000000e-003
 -1.2000000e-002
  1.0000000e-003
 -1.0100000e-002
 -1.0500000e-002
  1.1000000e-003
  2.2000000e-003
  5.8000000e-003
  4.0000000e-003
  5.0000000e-004
  1.0000000e-003
  3.0000000e-003
 -4.7000000e-003
  3.7000000e-003
 -7.0000000e-004
  6.7000000e-003
  3.0000000e-003
  1.0000000e-003
 -3.0000000e-003
  9.2000000e-003
  2.3000000e-003
 -5.2000000e-003
 -2.0000000e-004
 -4.1000000e-003
  4.1000000e-003
  8.9000000e-003
  1.5000000e-003
 -8.0000000e-003
 -2.1000000e-003
  6.0000000e-004
  2.0000000e-003
 -3.6000000e-003
 -6.8000000e-003
  2.4000000e-003
  8.0000000e-003
  1.0000000e-003
  2.5000000e-003
 -1.5000000e-003
 -8.5000000e-003
 -5.9000000e-003
  6.8000000e-003
  6.0000000e-003
  7.0000000e-003
 -2.6000000e-002
  6.2000000e-003
  1.0000000e-003
  6.4000000e-003
 -4.4000000e-003
  3.0000000e-003
  2.0000000e-003
 -2.0000000e-004
 -4.6000000e-003
  4.0000000e-004
  4.8000000e-003
  8.6000000e-003
  9.6000000e-003
 -7.4000000e-003
  4.2000000e-003
  1.2200000e-002
  1.4000000e-003
  1.0000000e-003
  7.2000000e-003
 -6.0000000e-003
 -2.0000000e-004
 -1.4600000e-002
 -1.0000000e-003
 -4.8000000e-003
  2.8000000e-003
 -4.4000000e-003
 -1.2000000e-003
  9.4000000e-003
 -1.2000000e-003
  5.0000000e-003
  9.0000000e-004
  3.5000000e-003
 -4.0000000e-004
  1.2000000e-003
 -3.8000000e-003
  6.0000000e-004
  3.4000000e-003
  1.6000000e-003
 -1.6000000e-003
 -8.0000000e-003
  2.4000000e-003
  5.6000000e-003
 -8.4000000e-003
 -3.0000000e-003
  3.0000000e-003
 -2.6000000e-003
 -4.0000000e-004
  1.0000000e-003
  2.0000000e-003
  1.1000000e-002
 -6.0000000e-004
  6.0000000e-004
  4.0000000e-004
  1.1000000e-002
  6.6000000e-003
  2.8000000e-003
 -9.4000000e-003
  1.1000000e-002
  9.0000000e-003
 -2.0000000e-003
  2.5000000e-003
 -4.9000000e-003
  9.0000000e-004
 -8.5000000e-003
 -1.4000000e-003
  1.9000000e-003
  1.0100000e-002
 -8.0000000e-003
  4.4000000e-003
  1.8600000e-002
  8.4000000e-003
 -8.0000000e-003
 -6.2000000e-003
 -2.0000000e-004
  3.4000000e-003
 -1.1000000e-002
 -3.0000000e-003
 -8.4000000e-003
 -8.6000000e-003
  2.0000000e-004
 -7.2000000e-003
  5.7000000e-003
  3.3000000e-003
  6.5000000e-003
 -3.3000000e-003
  1.5000000e-003
  1.7000000e-003
 -4.0000000e-004
  2.6000000e-003
  4.0000000e-004
 -3.2000000e-003
 -1.0000000e-003
  1.8000000e-003
  5.4000000e-003
 -3.0000000e-003
 -1.0000000e-003
 -1.4000000e-003
  4.0000000e-003
  6.2000000e-003
  2.0000000e-003
  1.2000000e-003
 -4.0000000e-004
 -6.0000000e-004
 -1.5500000e-002
 -3.0000000e-003
 -1.5000000e-003
  4.0000000e-004
  8.0000000e-003
  2.2000000e-003
  1.8000000e-003
  8.0000000e-004
 -2.2000000e-003
 -3.0000000e-003
  7.4000000e-003
  1.9400000e-002
 -7.4000000e-003
  5.0000000e-003
 -4.4000000e-003
  2.0200000e-002
 -1.7200000e-002
  7.6000000e-003
  3.6000000e-003
 -1.2000000e-003
  5.6000000e-003
 -7.2000000e-003
  2.6000000e-003
 -2.2000000e-003
  4.8000000e-003
 -5.0000000e-003
  3.4000000e-003
 -4.0000000e-003
  8.0000000e-003
  1.0000000e-003
  3.5000000e-003
 -4.5000000e-003
 -9.2000000e-003
  4.2000000e-003
 -1.0000000e-003
  1.3500000e-002
  1.6500000e-002
  1.4000000e-003
  6.0000000e-003
  3.6000000e-003
  5.0000000e-003
  2.4000000e-003
  7.1000000e-003
 -2.3000000e-003
  4.2000000e-003
 -1.8600000e-002
  1.6200000e-002
 -4.0000000e-003
  3.6000000e-003
 -2.2600000e-002
 -1.0000000e-003
  4.4000000e-003
  5.6000000e-003
 -1.5400000e-002
 -6.6000000e-003
  2.0000000e-003
 -1.1200000e-002
 -4.4000000e-003
 -1.2400000e-002
  6.0000000e-003
 -1.0000000e-002
 -1.0000000e-003
  3.0000000e-003
  3.0000000e-003
 -1.0600000e-002
  1.6000000e-003
  2.0000000e-004
  1.3000000e-003
  2.7000000e-003
 -2.2000000e-003
 -6.0000000e-003
  4.0000000e-004
  6.0000000e-004
  4.0000000e-003
 -1.2000000e-003
 -3.2000000e-003
  4.2000000e-003
 -3.8000000e-003
  1.0000000e-003
  1.0000000e-003
  6.0000000e-004
 -1.6000000e-003
 -1.4000000e-003
  1.0000000e-003
 -1.3000000e-002
 -1.0000000e-003
  8.0000000e-003
  4.0000000e-003
 -3.6000000e-003
  1.6000000e-002
  7.0000000e-003
  5.0000000e-003
 -2.8000000e-003
 -3.8000000e-003
  3.2000000e-003
 -1.0600000e-002
  5.0000000e-003
  4.0000000e-004
 -2.0000000e-004
  1.4000000e-002
 -4.2000000e-003
  2.6000000e-003
 -4.0000000e-003
  9.4000000e-003
 -9.0000000e-003
  1.2000000e-002
  8.2000000e-003
  8.0000000e-004
 -4.4000000e-003
  3.0000000e-003
 -3.6000000e-003
  5.4000000e-003
 -1.4800000e-002
  2.4000000e-003
  4.0000000e-004
 -1.7600000e-002
 -4.2000000e-003
 -2.4000000e-003
 -4.6000000e-003
  3.4000000e-003
  5.4000000e-003
  1.4000000e-003
 -5.8000000e-003
  3.6000000e-003
  1.7000000e-002
 -1.8000000e-003
  6.2000000e-003
 -8.0000000e-003
  5.0000000e-003
  5.0000000e-003
 -2.0000000e-003
 -7.0000000e-003
  6.0000000e-004
  8.0000000e-004
  7.2000000e-003
  2.8400000e-002
  5.0000000e-003
  1.0000000e-002
 -1.9500000e-002
 -5.0000000e-004
 -3.1600000e-002
  1.3400000e-002
 -1.0800000e-002
  1.3000000e-002
 -1.3600000e-002
 -3.4000000e-003
 -4.8000000e-003
  8.0000000e-003
  3.8000000e-003
  2.8000000e-003
 -3.0000000e-004
  5.7000000e-003
  8.0000000e-003
  3.2000000e-003
 -1.0100000e-002
  2.5600000e-002
 -7.3000000e-003
 -1.4000000e-002
  6.4000000e-003
 -3.4000000e-003
 -4.0000000e-003
 -8.0000000e-003
  6.0000000e-003
 -2.6000000e-003
  1.9000000e-002
  9.0000000e-003
 -5.0000000e-003
  3.2000000e-003
  3.8000000e-003
 -8.0000000e-003
 -2.6000000e-003
  1.0200000e-002
 -6.0000000e-004
 -3.8000000e-003
  2.8000000e-003
 -7.0000000e-003
  9.6000000e-003
 -5.4000000e-003
  3.6000000e-003
  7.0000000e-004
 -1.8700000e-002
  9.0000000e-003
 -1.1800000e-002
 -4.4000000e-003
 -2.8000000e-002
  1.7400000e-002
 -4.0000000e-003
  1.8000000e-003
 -8.0000000e-004
 -5.5000000e-003
  1.0500000e-002
 -6.0000000e-004
 -4.8000000e-003
  7.8000000e-003
  2.7800000e-002
  8.0000000e-004
  4.0000000e-003
 -3.2000000e-003
 -1.4800000e-002
  1.4100000e-002
 -1.3800000e-002
  9.1000000e-003
 -5.4000000e-003
  2.6000000e-003
  6.0000000e-004
  6.0000000e-004
  2.0000000e-003
 -1.2000000e-003
  1.3600000e-002
 -1.2600000e-002
  1.1000000e-002
 -8.2000000e-003
  4.6000000e-003
  1.6000000e-003
  3.8000000e-003
 -3.6000000e-003
 -2.0300000e-002
 -3.0000000e-004
 -1.0600000e-002
  1.9000000e-002
 -3.0000000e-003
  7.0000000e-003
 -6.0000000e-004
 -1.0000000e-003
  3.4000000e-003
 -3.8000000e-003
 -5.2000000e-003
 -2.0000000e-004
  2.0000000e-003
  7.4000000e-003
 -4.6000000e-003
  4.0000000e-004
  2.0000000e-003
 -4.0000000e-004
 -2.0000000e-004
 -2.8000000e-003
  4.0000000e-003
 -9.0000000e-003
  6.6000000e-003
  1.4000000e-003
  3.8000000e-003
 -2.4000000e-003
  1.6000000e-003
  1.6000000e-003
  6.0000000e-003
  5.0000000e-003
 -4.8000000e-003
 -2.2000000e-003
  1.0000000e-003
 -1.2000000e-002
 -1.1600000e-002
 -4.0000000e-003
 -1.7900000e-002
 -4.1000000e-003
 -1.2400000e-002
  4.2000000e-003
 -3.0000000e-003
 -4.2000000e-003
  5.8000000e-003
  4.0000000e-004
 -2.0000000e-004
 -2.0000000e-003
  3.0000000e-003
  2.6000000e-003
  4.4000000e-003
  1.6000000e-003
 -1.2000000e-003
  5.0000000e-003
 -7.4000000e-003
 -8.0000000e-004
 -4.0000000e-004
 -4.0000000e-004
  8.0000000e-003
 -9.0000000e-003
  5.0000000e-003
 -2.0000000e-004
 -4.6000000e-003
 -1.6000000e-003
  7.8000000e-003
  1.9200000e-002
  4.4000000e-003
 -6.4000000e-003
  1.2000000e-003
  4.4000000e-003
  3.8000000e-003
  1.0000000e-003
  9.6000000e-003
 -9.4000000e-003
  8.0000000e-004
  4.6000000e-003
 -3.6000000e-003
  1.8000000e-003
 -7.0000000e-003
 -5.6000000e-003
  8.0000000e-004
  5.0000000e-003
  1.8000000e-003
 -1.8000000e-003
 -3.4000000e-003
  3.0000000e-003
  2.4000000e-003
  4.0000000e-003
 -4.0000000e-003
 -4.0000000e-004
 -6.0000000e-004
  2.0000000e-004
  2.0000000e-004
  2.6000000e-003
 -2.4000000e-003
  2.4000000e-003
 -2.4000000e-003
  4.0000000e-004
  6.0000000e-003
  2.0000000e-003
 -1.8000000e-003
 -4.2000000e-003
 -2.2000000e-002
  5.0000000e-003
  1.0000000e-003
 -2.0000000e-003
 -6.6000000e-003
 -1.6000000e-003
  9.2000000e-003
  4.4000000e-003
  6.0000000e-004
 -4.0000000e-003
 -7.0000000e-003
 -2.8000000e-003
 -1.3800000e-002
 -5.4000000e-003
  5.0000000e-003
 -1.4000000e-003
  8.0000000e-003
  8.0000000e-004
 -6.6000000e-003
 -3.2000000e-003
  1.6000000e-003
 -4.6000000e-003
  2.0000000e-003
  1.0000000e-002
 -4.8000000e-003
  2.6000000e-003
  1.6000000e-003
 -4.6000000e-003
  1.6000000e-003
  2.4000000e-003
  7.0000000e-003
  9.0000000e-003
  1.9200000e-002
 -1.4800000e-002
  8.2000000e-003
  2.0000000e-003
  2.0000000e-003
 -1.8000000e-003
 -4.6000000e-003
  5.4000000e-003
 -1.8000000e-003
 -3.6000000e-003
 -1.4000000e-003
 -1.8000000e-003
  5.0000000e-003
 -2.8000000e-003
 -8.6000000e-003
 -7.8000000e-003
 -7.8000000e-003
 -1.3400000e-002
  4.0000000e-003
 -8.0000000e-004
 -1.8000000e-003
 -5.4000000e-003
 -1.4000000e-003
  2.8000000e-003
 -6.0000000e-003
  7.0000000e-003
 -4.0000000e-004
  7.6000000e-003
  1.8000000e-002
  1.8000000e-003
 -3.6000000e-003
  6.0000000e-004
 -4.8000000e-003
 -1.2000000e-003
  3.4000000e-003
  3.2000000e-003
  4.0000000e-004
  1.1400000e-002
 -3.8000000e-003
 -1.8000000e-003
 -1.2000000e-003
  4.0000000e-004
 -1.8000000e-003
 -6.0000000e-004
 -4.0000000e-004
 -6.8000000e-003
 -1.4000000e-003
 -4.4000000e-003
  1.4000000e-003
 -9.0000000e-003
  2.0000000e-004
  1.4000000e-003
 -9.0000000e-003
  2.6000000e-003
 -2.6000000e-003
  1.8000000e-003
  2.0000000e-004
  1.0000000e-003
  4.6000000e-003
  4.0000000e-003
  5.0000000e-003
 -1.8000000e-003
 -2.2000000e-003
 -1.0600000e-002
  1.0000000e-003
 -6.0000000e-003
  5.6000000e-003
  2.2000000e-003
 -8.0000000e-004
 -1.0000000e-003
  1.6000000e-003
  4.0000000e-003
  1.0000000e-003
 -8.0000000e-003
 -5.4000000e-003
 -1.5200000e-002
  3.6000000e-003
 -6.0000000e-004
 -3.0000000e-003
 -2.2000000e-003
  8.0000000e-004
  4.8000000e-003
  4.2000000e-003
 -4.6000000e-003
  4.2000000e-003
 -3.2000000e-003
 -1.0000000e-003
 -2.0000000e-003
 -1.0000000e-003
 -5.4000000e-003
 -9.4000000e-003
  6.6000000e-003
  3.2000000e-003
  1.0000000e-003
  8.0000000e-003
  1.0000000e-002
 -2.0000000e-004
  4.0000000e-004
 -7.6000000e-003
  5.0000000e-003
 -1.6000000e-003
 -2.0000000e-003
  1.6000000e-003
 -2.6000000e-003
 -1.0000000e-003
 -1.0000000e-003
  2.6000000e-003
 -1.8000000e-003
 -7.0000000e-003
  1.8000000e-003
  8.0000000e-003
  1.3400000e-002
  1.7200000e-002
 -2.0000000e-004
 -4.0000000e-003
  4.0000000e-004
 -6.8000000e-003
  2.0000000e-004
 -9.2000000e-003
  2.0000000e-003
  1.2000000e-003
 -3.6000000e-003
  4.4000000e-003
  9.2000000e-003
 -1.6000000e-003
 -2.0000000e-004
 -1.4000000e-003
 -4.2000000e-003
  2.4000000e-003
 -3.0000000e-003
  1.4000000e-003
  3.8000000e-003
  7.8000000e-003
  2.0000000e-003
  2.8000000e-003
  1.0000000e-003
 -1.0000000e-003
 -5.0000000e-003
 -1.0000000e-004
 -2.9000000e-003
  6.0000000e-004
  5.0000000e-003
 -2.6000000e-003
 -2.8000000e-003
  9.2000000e-003
 -1.5800000e-002
  3.2000000e-003
  4.0000000e-004
  3.6000000e-003
  4.0000000e-004
  1.2000000e-003
  5.6000000e-003
 -3.0000000e-003
  1.6000000e-003
 -9.0000000e-004
  2.0000000e-004
  1.3000000e-003
 -1.4800000e-002
  1.8000000e-003
 -6.4000000e-003
  4.2000000e-003
  7.4000000e-003
 -2.0000000e-004
