           6.00      3.93
           9.00      4.58
          12.00      4.80
          15.00      5.07
          18.00      5.14
          21.00      4.94
          24.00      4.94
          27.00      4.77
          30.00      4.77
          33.00      4.75
          36.00      4.60
          39.00      4.71
          42.00      4.60
          45.00      4.58
          48.00      4.58
          51.00      4.54
          54.00      4.61
          57.00      4.72
          60.00      4.76
          63.00      4.52
          66.00      4.60
          69.00      4.28
          72.00      3.87
          75.00      4.03
          78.00      3.74
          81.00      3.72
          84.00      4.08
          87.00      4.13
          90.00      4.05
          93.00      3.88
          96.00      3.84
          99.00      3.85
         102.00      3.94
         105.00      4.07
         108.00      3.92
         111.00      3.56
         114.00      3.77
         117.00      3.90
         120.00      3.85
         123.00      3.71
         126.00      3.98
         129.00      4.43
         132.00      4.88
         135.00      4.79
         138.00      4.93
         141.00      5.06
         144.00      5.09
         147.00      5.00
         150.00      4.76
         153.00      4.95
         156.00      4.90
         159.00      4.89
         162.00      4.88
         165.00      4.90
         168.00      4.91
         171.00      4.78
         174.00      4.66
         177.00      4.86
         180.00      4.82
         183.00      4.68
         186.00      4.60
         189.00      4.53
         192.00      4.60
         195.00      4.40
         198.00      3.93
         201.00      3.80
         204.00      3.97
         207.00      3.96
         210.00      3.75
         213.00      3.92
         216.00      4.01
         219.00      4.51
         222.00      4.59
         225.00      4.62
         228.00      4.62
         231.00      4.42
         234.00      4.22
         237.00      3.87
         240.00      4.10
         243.00      4.45
         246.00      4.67
         249.00      4.82
         252.00      4.81
         255.00      4.73
         258.00      4.91
         261.00      4.77
         264.00      4.74
         267.00      4.89
         270.00      4.90
         273.00      4.64
         276.00      4.57
         279.00      4.50
         282.00      4.05
         285.00      3.98
         288.00      4.11
         291.00      4.30
         294.00      4.42
         297.00      4.52
         300.00      4.40
         303.00      4.31
         306.00      4.22
         309.00      4.31
         312.00      4.08
         315.00      3.81
         318.00      4.07
         321.00      3.69
         324.00      3.73
         327.00      3.25
         330.00      3.60
         333.00      3.81
         336.00      4.60
         339.00      5.27
         342.00      5.16
         345.00      5.06
         348.00      4.68
         351.00      4.82
         354.00      4.87
         357.00      4.73
         360.00      4.80
         363.00      4.64
         366.00      4.54
         369.00      4.59
         372.00      4.59
         375.00      4.45
         378.00      4.47
         381.00      4.41
         384.00      4.29
         387.00      4.20
         390.00      3.95
         393.00      3.85
         396.00      3.88
         399.00      3.71
         402.00      3.49
         405.00      3.50
         408.00      3.45
         411.00      3.64
         414.00      4.01
         417.00      4.53
         420.00      4.99
         423.00      4.69
         426.00      4.40
         429.00      4.41
         432.00      4.58
         435.00      4.63
         438.00      4.68
         441.00      4.63
         444.00      4.66
         447.00      4.39
         450.00      4.63
         453.00      4.58
         456.00      4.48
         459.00      4.41
         462.00      4.40
         465.00      4.31
         468.00      4.17
         471.00      4.06
         474.00      4.03
         477.00      3.89
         480.00      3.79
         483.00      3.79
         486.00      3.84
         489.00      3.89
         492.00      3.89
         495.00      3.85
         498.00      3.77
         501.00      3.78
         504.00      4.01
         507.00      4.18
         510.00      4.23
         513.00      4.28
         516.00      4.20
         519.00      4.22
         522.00      3.96
         525.00      4.07
         528.00      4.10
         531.00      4.28
         534.00      4.62
         537.00      4.42
         540.00      4.31
         543.00      4.32
         546.00      4.50
         549.00      4.60
         552.00      4.60
         555.00      4.55
         558.00      4.34
         561.00      4.09
         564.00      3.85
         567.00      3.74
         570.00      3.63
         573.00      3.63
         576.00      3.71
         579.00      4.04
         582.00      4.41
         585.00      4.26
         588.00      4.07
         591.00      4.16
         594.00      4.10
         597.00      4.29
         600.00      4.07
         603.00      4.11
         606.00      3.98
         609.00      3.81
         612.00      3.71
         615.00      3.76
         618.00      4.01
         621.00      4.51
         624.00      5.03
         627.00      4.98
         630.00      4.77
         633.00      4.95
         636.00      5.02
         639.00      4.95
         642.00      4.82
         645.00      4.83
         648.00      4.84
         651.00      4.78
         654.00      4.81
         657.00      4.78
         660.00      4.70
         663.00      4.66
         666.00      4.70
         669.00      4.41
         672.00      4.62
         675.00      4.41
         678.00      4.41
         681.00      4.31
         684.00      4.26
         687.00      4.20
         690.00      4.07
         693.00      3.91
         696.00      3.98
         699.00      4.07
         702.00      4.25
         705.00      4.27
         708.00      4.27
         711.00      4.45
         714.00      4.69
         717.00      4.79
         720.00      4.92
         723.00      4.77
         726.00      4.39
         729.00      4.36
         732.00      4.30
         735.00      4.32
         738.00      4.34
         741.00      4.36
         744.00      4.33
         747.00      4.66
         750.00      4.76
         753.00      4.72
         756.00      4.64
         759.00      4.67
         762.00      4.51
         765.00      4.38
         768.00      4.45
         771.00      4.60
         774.00      4.24
         777.00      4.02
         780.00      3.83
         783.00      3.71
         786.00      3.73
         789.00      3.95
         792.00      4.61
         795.00      4.64
         798.00      4.71
         801.00      4.65
         804.00      4.67
         807.00      4.34
         810.00      4.19
         813.00      3.95
         816.00      4.14
         819.00      4.12
         822.00      4.06
         825.00      4.06
         828.00      4.09
         831.00      4.12
         834.00      3.98
         837.00      3.86
         840.00      3.87
         843.00      3.82
         846.00      3.71
         849.00      3.94
         852.00      3.83
         855.00      3.66
         858.00      3.72
         861.00      3.83
         864.00      4.00
         867.00      4.49
         870.00      4.62
         873.00      5.06
         876.00      5.01
         879.00      4.92
         882.00      4.79
         885.00      4.75
         888.00      4.70
         891.00      4.62
         894.00      4.62
         897.00      4.37
         900.00      4.29
         903.00      4.27
         906.00      4.18
         909.00      4.29
         912.00      4.48
         915.00      4.52
         918.00      4.61
         921.00      4.49
         924.00      4.46
         927.00      4.20
         930.00      4.26
         933.00      4.03
         936.00      3.83
         939.00      3.91
         942.00      3.97
         945.00      3.65
         948.00      3.36
         951.00      3.46
         954.00      3.57
         957.00      3.82
         960.00      4.18
         963.00      4.52
         966.00      4.46
         969.00      4.24
         972.00      4.27
         975.00      4.08
         978.00      4.09
         981.00      4.14
         984.00      4.13
         987.00      4.08
         990.00      4.20
         993.00      4.12
         996.00      3.98
         999.00      4.04
        1002.00      4.30
        1005.00      4.15
        1008.00      4.31
        1011.00      4.17
        1014.00      4.07
        1017.00      3.90
        1020.00      3.99
        1023.00      3.95
        1026.00      3.85
        1029.00      4.01
        1032.00      4.41
        1035.00      4.57
        1038.00      4.51
        1041.00      4.39
        1044.00      4.30
        1047.00      4.27
        1050.00      4.37
        1053.00      4.37
        1056.00      4.39
        1059.00      4.06
        1062.00      3.61
        1065.00      3.48
        1068.00      3.44
        1071.00      3.44
        1074.00      3.55
        1077.00      3.74
        1080.00      3.95
        1083.00      4.07
        1086.00      4.06
        1089.00      4.20
        1092.00      4.16
        1095.00      4.20
        1098.00      4.26
        1101.00      4.43
        1104.00      4.22
        1107.00      4.09
        1110.00      3.93
        1113.00      3.79
        1116.00      4.26
        1119.00      4.62
        1122.00      4.26
        1125.00      4.61
        1128.00      4.62
        1131.00      4.42
        1134.00      4.53
        1137.00      4.20
        1140.00      4.17
        1143.00      4.15
        1146.00      4.00
        1149.00      3.96
        1152.00      3.98
        1155.00      3.97
        1158.00      3.74
        1161.00      3.74
        1164.00      3.69
        1167.00      3.83
        1170.00      3.90
        1173.00      3.93
        1176.00      3.88
        1179.00      3.88
        1182.00      3.93
        1185.00      4.10
        1188.00      4.05
        1191.00      3.94
        1194.00      3.93
        1197.00      4.02
        1200.00      4.19
        1203.00      4.29
        1206.00      4.52
        1209.00      4.55
        1212.00      4.47
        1215.00      4.43
        1218.00      4.39
        1221.00      4.28
        1224.00      4.07
        1227.00      4.06
        1230.00      3.78
        1233.00      3.56
        1236.00      3.53
        1239.00      3.42
        1242.00      3.04
        1245.00      3.78
        1248.00      4.25
        1251.00      4.35
        1254.00      4.25
        1257.00      4.16
        1260.00      4.06
        1263.00      4.17
        1266.00      4.21
        1269.00      3.98
        1272.00      3.93
        1275.00      3.85
        1278.00      3.67
        1281.00      3.86
        1284.00      4.11
        1287.00      4.38
        1290.00      4.30
        1293.00      4.24
        1296.00      4.34
        1299.00      4.27
        1302.00      4.26
        1305.00      4.18
        1308.00      4.06
        1311.00      3.93
        1314.00      3.80
        1317.00      3.74
        1320.00      3.84
        1323.00      4.17
        1326.00      4.17
        1329.00      4.24
        1332.00      4.35
        1335.00      4.35
        1338.00      4.33
        1341.00      4.32
        1344.00      4.23
        1347.00      3.56
        1350.00      3.74
        1353.00      3.43
        1356.00      3.57
        1359.00      3.91
        1362.00      3.84
        1365.00      4.15
        1368.00      4.02
        1371.00      4.30
        1374.00      4.34
        1377.00      4.39
        1380.00      4.28
        1383.00      4.17
        1386.00      4.20
        1389.00      3.77
        1392.00      3.84
        1395.00      3.76
        1398.00      3.77
        1401.00      3.53
        1404.00      3.50
        1407.00      3.69
        1410.00      3.80
        1413.00      4.05
        1416.00      4.05
        1419.00      4.27
        1422.00      4.41
        1425.00      4.24
        1428.00      4.24
        1431.00      3.97
        1434.00      3.87
        1437.00      3.75
        1440.00      3.38
        1443.00      3.47
        1446.00      3.40
        1449.00      3.43
        1452.00      3.43
        1455.00      3.75
        1458.00      4.34
        1461.00      4.24
        1464.00      4.12
        1467.00      4.17
        1470.00      3.60
        1473.00      3.45
        1476.00      3.52
        1479.00      3.52
        1482.00      3.51
        1485.00      3.53
        1488.00      3.50
        1491.00      3.44
        1494.00      3.57
        1497.00      3.78
        1500.00      4.07
        1503.00      4.25
        1506.00      4.17
        1509.00      4.36
        1512.00      4.20
        1515.00      3.78
        1518.00      3.88
        1521.00      3.75
        1524.00      3.79
        1527.00      3.92
        1530.00      4.17
        1533.00      4.35
        1536.00      4.51
        1539.00      4.53
        1542.00      4.37
        1545.00      4.06
        1548.00      3.92
        1551.00      3.84
        1554.00      3.77
        1557.00      3.82
        1560.00      3.93
        1563.00      3.92
        1566.00      3.58
        1569.00      3.90
        1572.00      4.45
        1575.00      4.22
        1578.00      4.12
        1581.00      4.14
        1584.00      4.10
        1587.00      3.91
        1590.00      3.79
        1593.00      3.83
        1596.00      4.09
        1599.00      3.81
        1602.00      3.73
        1605.00      3.61
        1608.00      3.52
        1611.00      3.48
        1614.00      3.52
        1617.00      3.76
        1620.00      3.77
        1623.00      3.81
        1626.00      3.79
        1629.00      3.79
        1632.00      3.70
        1635.00      3.74
        1638.00      4.02
        1641.00      3.59
        1644.00      3.62
        1647.00      3.95
        1650.00      4.16
        1653.00      4.34
        1656.00      4.22
        1659.00      4.30
        1662.00      4.27
        1665.00      4.20
        1668.00      4.25
        1671.00      4.09
        1674.00      4.04
        1677.00      3.82
        1680.00      3.77
        1683.00      3.75
        1686.00      4.16
        1689.00      3.93
        1692.00      3.99
        1695.00      4.11
        1698.00      4.39
        1701.00      4.52
        1704.00      4.42
        1707.00      4.44
        1710.00      4.17
        1713.00      4.13
        1716.00      3.88
        1719.00      3.91
        1722.00      4.08
        1725.00      4.13
        1728.00      4.03
        1731.00      4.09
        1734.00      4.06
        1737.00      3.89
        1740.00      4.01
        1743.00      4.04
        1746.00      4.17
        1749.00      4.36
        1752.00      4.47
        1755.00      4.49
        1758.00      4.40
        1761.00      4.05
        1764.00      3.93
        1767.00      3.74
        1770.00      3.66
        1773.00      3.43
        1776.00      3.46
        1779.00      3.65
        1782.00      3.96
        1785.00      4.03
        1788.00      4.15
        1791.00      4.22
        1794.00      4.32
        1797.00      4.24
        1800.00      4.23
        1803.00      4.05
        1806.00      3.85
        1809.00      3.89
        1812.00      3.74
        1815.00      3.78
        1818.00      3.97
        1821.00      4.10
        1824.00      3.75
        1827.00      3.66
        1830.00      3.85
        1833.00      3.98
        1836.00      4.16
        1839.00      3.96
        1842.00      3.98
        1845.00      3.85
        1848.00      3.71
        1851.00      3.88
        1854.00      4.05
        1857.00      4.14
        1860.00      4.13
        1863.00      3.95
        1866.00      3.70
        1869.00      3.80
        1872.00      3.90
        1875.00      4.07
        1878.00      4.28
        1881.00      4.49
        1884.00      4.41
        1887.00      4.33
        1890.00      4.22
        1893.00      4.10
        1896.00      3.98
        1899.00      4.03
        1902.00      4.07
        1905.00      4.12
        1908.00      4.16
        1911.00      4.16
        1914.00      4.07
        1917.00      4.12
        1920.00      3.92
        1923.00      3.90
        1926.00      3.83
        1929.00      3.84
        1932.00      3.77
        1935.00      3.70
        1938.00      3.56
        1941.00      3.64
        1944.00      3.77
        1947.00      3.79
        1950.00      3.95
        1953.00      4.18
        1956.00      4.31
        1959.00      4.20
        1962.00      4.25
        1965.00      4.13
        1968.00      3.97
        1971.00      3.87
        1974.00      3.88
        1977.00      3.75
        1980.00      3.52
        1983.00      3.43
        1986.00      3.70
        1989.00      4.01
        1992.00      4.26
        1995.00      4.05
        1998.00      4.23
        2001.00      3.91
        2004.00      3.75
        2007.00      3.72
        2010.00      3.65
        2013.00      3.53
        2016.00      3.42
        2019.00      3.43
        2022.00      3.58
        2025.00      3.80
        2028.00      3.63
        2031.00      3.69
        2034.00      4.03
        2037.00      3.98
        2040.00      3.95
        2043.00      4.00
        2046.00      4.09
        2049.00      4.11
        2052.00      3.78
        2055.00      3.80
        2058.00      3.67
        2061.00      3.97
        2064.00      4.12
        2067.00      4.27
        2070.00      4.06
        2073.00      4.13
        2076.00      4.25
        2079.00      4.51
        2082.00      4.49
        2085.00      4.40
        2088.00      4.30
        2091.00      4.18
        2094.00      4.23
        2097.00      4.10
        2100.00      3.95
        2103.00      3.80
        2106.00      3.77
        2109.00      3.77
        2112.00      3.69
        2115.00      3.60
        2118.00      3.71
        2121.00      4.14
        2124.00      4.18
        2127.00      4.01
        2130.00      3.97
        2133.00      3.59
        2136.00      3.47
        2139.00      3.65
        2142.00      4.44
        2145.00      4.49
        2148.00      4.41
        2151.00      4.32
        2154.00      4.33
        2157.00      4.26
        2160.00      4.24
        2163.00      4.09
        2166.00      4.00
        2169.00      3.91
        2172.00      3.82
        2175.00      3.68
        2178.00      3.70
        2181.00      3.60
        2184.00      3.67
        2187.00      3.52
        2190.00      3.85
        2193.00      4.16
        2196.00      4.10
        2199.00      3.99
        2202.00      4.14
        2205.00      4.06
        2208.00      4.13
        2211.00      3.93
        2214.00      3.69
        2217.00      3.95
        2220.00      3.74
        2223.00      3.59
        2226.00      3.47
        2229.00      3.77
        2232.00      3.60
        2235.00      4.01
        2238.00      3.97
        2241.00      4.06
        2244.00      4.02
        2247.00      3.95
        2250.00      3.86
        2253.00      3.67
        2256.00      3.57
        2259.00      3.52
        2262.00      3.64
        2265.00      3.46
        2268.00      3.64
        2271.00      3.70
        2274.00      3.61
        2277.00      3.51
        2280.00      3.60
        2283.00      3.61
        2286.00      3.80
        2289.00      3.84
        2292.00      3.82
        2295.00      3.96
        2298.00      3.63
        2301.00      3.72
        2304.00      3.57
        2307.00      3.70
        2310.00      3.79
        2313.00      3.77
        2316.00      3.58
        2319.00      3.51
        2322.00      3.49
        2325.00      3.44
        2328.00      3.50
        2331.00      3.48
        2334.00      3.30
        2337.00      3.44
        2340.00      3.48
        2343.00      3.36
        2346.00      3.07
        2349.00      3.84
        2352.00      3.80
        2355.00      3.84
        2358.00      3.84
        2361.00      3.78
        2364.00      3.67
        2367.00      3.74
        2370.00      3.93
        2373.00      3.98
        2376.00      3.92
        2379.00      3.82
        2382.00      3.70
        2385.00      3.69
        2388.00      3.68
        2391.00      3.69
        2394.00      3.87
        2397.00      3.83
        2400.00      3.78
        2403.00      3.84
        2406.00      3.88
        2409.00      3.70
        2412.00      3.65
        2415.00      3.71
        2418.00      3.81
        2421.00      3.64
        2424.00      3.58
        2427.00      3.39
        2430.00      3.59
        2433.00      3.50
        2436.00      3.66
        2439.00      4.12
        2442.00      4.48
        2445.00      4.53
        2448.00      4.20
        2451.00      4.18
        2454.00      3.64
        2457.00      3.81
        2460.00      3.56
        2463.00      3.66
        2466.00      3.49
        2469.00      3.57
        2472.00      3.32
        2475.00      3.48
        2478.00      3.92
        2481.00      4.18
        2484.00      4.56
        2487.00      4.47
        2490.00      4.39
        2493.00      4.30
        2496.00      4.22
        2499.00      4.13
        2502.00      4.05
        2505.00      3.96
        2508.00      3.87
        2511.00      3.79
        2514.00      3.70
        2517.00      3.62
        2520.00      3.64
        2523.00      3.97
        2526.00      4.44
        2529.00      4.41
        2532.00      4.38
        2535.00      3.96
        2538.00      4.23
        2541.00      3.91
        2544.00      4.53
        2547.00      3.13
        2550.00      3.53
        2553.00      3.66
        2556.00      3.71
        2559.00      3.73
        2562.00      3.87
        2565.00      3.74
        2568.00      3.64
        2571.00      3.60
        2574.00      3.56
        2577.00      3.51
        2580.00      3.47
        2583.00      3.46
        2586.00      3.52
        2589.00      3.33
        2592.00      3.49
        2595.00      3.83
        2598.00      3.73
        2601.00      4.02

