Date	Observation
2601	0
2598	-0.13
2595	0.15
2592	-0.13571429
2589	-0.26555556
2586	-0.072727273
2583	-0.14769231
2580	-0.16333333
2577	-0.12941176
2574	-0.046842105
2571	-0.065238095
2568	-0.062608696
2565	-0.018
2562	0.078888889
2559	-0.05
2556	-0.067741935
2553	-0.12606061
2550	-0.27342857
2547	-0.69810811
2544	0.67102564
2541	0.026097561
2538	0.35465116
2535	0.10377778
2532	0.53574468
2529	0.5722449
2526	0.59941176
2523	0.10962264
2520	-0.23636364
2517	-0.24596491
2514	-0.15322034
2511	-0.055245902
2508	0.027460317
2505	0.12261538
2502	0.2119403
2499	0.29289855
2496	0.38450704
2493	0.46863014
2490	0.56053333
2487	0.6374026
2484	0.72734177
2481	0.35
2478	0.089759036
2475	-0.35
2472	-0.49586207
2469	-0.23786517
2466	-0.30868132
2463	-0.1316129
2460	-0.22547368
2457	0.026804124
2454	-0.14242424
2451	0.40029703
2448	0.42
2445	0.74904762
2442	0.70046729
2439	0.34458716
2436	-0.11324324
2433	-0.26929204
2430	-0.176
2427	-0.37350427
2424	-0.18588235
2421	-0.13041322
2418	0.03601626
2415	-0.06256
2412	-0.11874016
2409	-0.069922481
2406	0.10946565
2403	0.064586466
2400	0.000296296
2397	0.045182482
2394	0.086618705
2391	-0.091276596
2388	-0.1
2385	-0.091172414
2382	-0.084761905
2379	0.028993289
2376	0.12192053
2373	0.17339869
2370	0.12032258
2367	-0.06611465
2364	-0.13842767
2361	-0.032795031
2358	0.029141104
2355	0.030121212
2352	-0.009580838
2349	0.027869822
2346	-0.74672515
2343	-0.46289017
2340	-0.35062857
2337	-0.39468927
2334	-0.53837989
2331	-0.36066298
2328	-0.3395082
2325	-0.40064865
2322	-0.35283422
2319	-0.33412698
2316	-0.26429319
2313	-0.072953368
2310	-0.049487179
2307	-0.1357868
2304	-0.26427136
2301	-0.11422886
2298	-0.20724138
2295	0.11985366
2292	-0.017487923
2289	0.004449761
2286	-0.035924171
2283	-0.22793427
2280	-0.24153488
2277	-0.33525346
2274	-0.23547945
2271	-0.14420814
2268	-0.202287
2265	-0.38195556
2262	-0.20215859
2259	-0.32371179
2256	-0.27606061
2253	-0.17858369
2250	0.009702128
2247	0.098101266
2244	0.16456067
2241	0.19962656
2238	0.10703704
2235	0.14714286
2232	-0.26255061
2229	-0.094738956
2226	-0.39485944
2223	-0.27546185
2220	-0.12497992
2217	0.083574297
2214	-0.17903614
2211	0.059196787
2208	0.25638554
2205	0.18433735
2202	0.26297189
2199	0.11257028
2196	0.22196787
2193	0.28012048
2190	-0.030803213
2187	-0.36044177
2184	-0.21048193
2181	-0.28120482
2178	-0.18196787
2175	-0.20405622
2172	-0.068473896
2169	0.022690763
2166	0.11104418
2163	0.20108434
2160	0.35032129
2157	0.37172691
2154	0.44353414
2151	0.43670683
2148	0.52875502
2145	0.60959839
2142	0.55943775
2139	-0.23072289
2136	-0.41128514
2133	-0.29200803
2130	0.0862249
2127	0.12445783
2124	0.29309237
2121	0.25253012
2118	-0.17694779
2115	-0.28554217
2112	-0.19369478
2109	-0.11100402
2106	-0.11052209
2103	-0.081204819
2100	0.066586345
2097	0.21333333
2094	0.34128514
2091	0.28959839
2088	0.40871486
2085	0.5064257
2082	0.59497992
2079	0.61176707
2076	0.35080321
2073	0.22951807
2070	0.16008032
2067	0.37156627
2064	0.22208835
2061	0.071004016
2058	-0.23164659
2055	-0.10228916
2052	-0.12381526
2049	0.20522088
2046	0.18361446
2043	0.09248996
2040	0.040321285
2037	0.06811245
2034	0.11582329
2031	-0.22586345
2028	-0.28738956
2025	-0.11963855
2022	-0.34096386
2019	-0.49128514
2016	-0.50100402
2013	-0.39064257
2010	-0.27196787
2007	-0.20212851
2004	-0.17164659
2001	-0.011124498
1998	0.30963855
1995	0.13012048
1992	0.34
1989	0.089638554
1986	-0.21931727
1983	-0.48787149
1980	-0.39658635
1977	-0.16582329
1974	-0.035381526
1971	-0.048353414
1968	0.048714859
1965	0.20730924
1962	0.32590361
1959	0.27345382
1956	0.38096386
1953	0.24839357
1950	0.015662651
1947	-0.14726908
1944	-0.17104418
1941	-0.30232932
1938	-0.38156627
1935	-0.24208835
1932	-0.17301205
1929	-0.10401606
1926	-0.11421687
1923	-0.045060241
1920	-0.024899598
1917	0.17413655
1914	0.12200803
1911	0.20907631
1908	0.20546185
1905	0.1624498
1902	0.1097992
1899	0.068554217
1896	0.018192771
1893	0.137751
1890	0.25606426
1887	0.36550201
1884	0.44277108
1881	0.51959839
1878	0.30759036
1875	0.096024096
1872	-0.074457831
1869	-0.17349398
1866	-0.2715261
1863	-0.01939759
1860	0.1626506
1857	0.17293173
1854	0.083975904
1851	-0.0862249
1848	-0.25594378
1845	-0.11477912
1842	0.016626506
1839	-0.005301205
1836	0.19393574
1833	0.013493976
1830	-0.11763052
1827	-0.30606426
1824	-0.21381526
1821	0.1388755
1818	0.011927711
1815	-0.17654618
1812	-0.21598394
1809	-0.066305221
1806	-0.10738956
1803	0.091526104
1800	0.26927711
1797	0.27759036
1794	0.35558233
1791	0.25449799
1788	0.18465863
1785	0.065421687
1782	-0.002730924
1779	-0.31016064
1776	-0.49686747
1773	-0.52333333
1770	-0.29044177
1767	-0.20771084
1764	-0.018473896
1761	0.10032129
1758	0.44787149
1755	0.53706827
1752	0.51598394
1749	0.40514056
1746	0.21433735
1743	0.081967871
1740	0.050281124
1737	-0.071566265
1734	0.09815261
1731	0.12759036
1728	0.068514056
1725	0.17060241
1722	0.12204819
1719	-0.045261044
1716	-0.075461847
1713	0.17445783
1710	0.21473896
1707	0.4853012
1704	0.46594378
1701	0.56598394
1698	0.43582329
1695	0.15538153
1692	0.037108434
1689	-0.021365462
1686	0.20931727
1683	-0.20172691
1680	-0.18277108
1677	-0.13437751
1674	0.08502008
1671	0.13429719
1668	0.29293173
1665	0.24176707
1662	0.31048193
1659	0.33907631
1656	0.25738956
1653	0.37646586
1650	0.19698795
1647	-0.014096386
1644	-0.34610442
1641	-0.37835341
1638	0.048915663
1635	-0.23317269
1632	-0.27453815
1629	-0.18618474
1626	-0.1875502
1623	-0.16803213
1620	-0.20883534
1617	-0.21690763
1614	-0.45301205
1611	-0.49188755
1608	-0.45228916
1605	-0.3624498
1602	-0.24257028
1599	-0.16329317
1596	0.11590361
1593	-0.14534137
1590	-0.18638554
1587	-0.067108434
1584	0.12180723
1581	0.16084337
1578	0.13947791
1575	0.23811245
1572	0.46650602
1569	-0.084497992
1566	-0.40566265
1563	-0.067188755
1560	-0.058594378
1557	-0.16991968
1554	-0.22028112
1551	-0.15048193
1548	-0.070401606
1545	0.069558233
1542	0.38044177
1539	0.54140562
1536	0.52329317
1533	0.36497992
1530	0.18650602
1527	-0.063092369
1524	-0.19289157
1521	-0.23281124
1518	-0.10240964
1515	-0.20212851
1512	0.21851406
1509	0.37935743
1506	0.18919679
1503	0.26863454
1500	0.086425703
1497	-0.2064257
1494	-0.41827309
1491	-0.55196787
1488	-0.49321285
1485	-0.46184739
1482	-0.48100402
1479	-0.47116466
1476	-0.47253012
1473	-0.54542169
1470	-0.39706827
1467	0.17204819
1464	0.12124498
1461	0.24108434
1458	0.34076305
1455	-0.25012048
1452	-0.57128514
1449	-0.57124498
1446	-0.59903614
1443	-0.52690763
1440	-0.61554217
1437	-0.24449799
1434	-0.12337349
1431	-0.024216867
1428	0.24441767
1425	0.24385542
1422	0.41333333
1419	0.27353414
1416	0.053212851
1413	0.052248996
1410	-0.19967871
1407	-0.31212851
1404	-0.50518072
1401	-0.47738956
1398	-0.23907631
1395	-0.25024096
1392	-0.17124498
1389	-0.2411245
1386	0.18879518
1383	0.15971888
1380	0.27044177
1377	0.38172691
1374	0.33196787
1371	0.29248996
1368	0.012730924
1365	0.14228916
1362	-0.16895582
1359	-0.099036145
1356	-0.43919679
1353	-0.57963855
1350	-0.26947791
1347	-0.44947791
1344	0.21907631
1341	0.30763052
1338	0.31630522
1335	0.3348996
1332	0.33594378
1329	0.22835341
1326	0.16216867
1323	0.16590361
1320	-0.16108434
1317	-0.25971888
1314	-0.19987952
1311	-0.068875502
1308	0.060803213
1305	0.17975904
1302	0.25799197
1299	0.2673494
1296	0.33586345
1293	0.2348996
1290	0.29325301
1287	0.372249
1284	0.1015261
1281	-0.14875502
1278	-0.33811245
1275	-0.15855422
1272	-0.079919679
1269	-0.032931727
1266	0.19293173
1263	0.15052209
1260	0.036666667
1257	0.1324498
1254	0.21843373
1251	0.31389558
1248	0.20907631
1245	-0.26610442
1242	-1.0095582
1239	-0.63345382
1236	-0.52554217
1233	-0.49678715
1230	-0.27722892
1227	0.003052209
1224	0.012971888
1221	0.2235743
1218	0.33405622
1215	0.37393574
1212	0.41409639
1209	0.49506024
1206	0.46570281
1203	0.23570281
1200	0.1362249
1197	-0.032208835
1194	-0.12285141
1191	-0.11502008
1188	-0.005903615
1185	0.044016064
1182	-0.12746988
1179	-0.17975904
1176	-0.18309237
1173	-0.1360241
1170	-0.16863454
1167	-0.23971888
1164	-0.38004016
1161	-0.32779116
1158	-0.3253012
1155	-0.093453815
1152	-0.083092369
1149	-0.10401606
1146	-0.065983936
1143	0.081124498
1140	0.098433735
1137	0.12771084
1134	0.45710843
1131	0.3451004
1128	0.54353414
1125	0.53092369
1122	0.17698795
1119	0.53261044
1116	0.16903614
1113	-0.30441767
1110	-0.16767068
1107	-0.010923695
1104	0.11594378
1101	0.32257028
1098	0.14879518
1095	0.084096386
1092	0.041084337
1089	0.078393574
1086	-0.063413655
1083	-0.053855422
1080	-0.17594378
1077	-0.38931727
1074	-0.58261044
1071	-0.6953012
1068	-0.6973494
1065	-0.65947791
1062	-0.53076305
1059	-0.082088353
1056	0.24674699
1053	0.22646586
1050	0.22578313
1047	0.12578313
1044	0.15437751
1041	0.24293173
1038	0.36032129
1035	0.41686747
1032	0.25281124
1029	-0.15232932
1026	-0.31746988
1023	-0.2215261
1020	-0.18586345
1017	-0.27983936
1014	-0.11405622
1011	-0.017068273
1008	0.11951807
1005	-0.043172691
1002	0.1053012
999	-0.15726908
996	-0.2202008
993	-0.082168675
990	-0.001606426
987	-0.12128514
984	-0.070481928
981	-0.061445783
978	-0.11365462
975	-0.12514056
972	0.062811245
969	0.032570281
966	0.25345382
963	0.31413655
960	-0.024738956
957	-0.38437751
954	-0.63506024
951	-0.74453815
948	-0.84269076
945	-0.55184739
942	-0.23140562
939	-0.29116466
936	-0.37084337
933	-0.17096386
930	0.058393574
927	-0.002771084
924	0.25590361
921	0.28485944
918	0.40381526
915	0.31373494
912	0.27401606
909	0.082771084
906	-0.030281124
903	0.057269076
900	0.07626506
897	0.15570281
894	0.40578313
891	0.40574297
888	0.48562249
885	0.53473896
882	0.57445783
879	0.70473896
876	0.79610442
873	0.84799197
870	0.40803213
867	0.27477912
864	-0.21710843
861	-0.38855422
858	-0.49967871
855	-0.55971888
852	-0.38863454
849	-0.27791165
846	-0.50690763
843	-0.39558233
840	-0.34453815
837	-0.35389558
834	-0.23329317
831	-0.092851406
828	-0.12361446
825	-0.15518072
822	-0.15763052
819	-0.099477912
816	-0.082369478
813	-0.2746988
810	-0.037028112
807	0.11016064
804	0.4373494
801	0.41522088
798	0.47333333
795	0.40016064
792	0.36550201
789	-0.29787149
786	-0.51895582
783	-0.53855422
780	-0.41646586
777	-0.22453815
774	-0.002650602
771	0.35851406
768	0.20959839
765	0.14088353
762	0.27188755
759	0.43321285
756	0.40373494
753	0.48457831
750	0.52514056
747	0.42437751
744	0.094497992
741	0.12317269
738	0.10016064
735	0.077309237
732	0.054457831
729	0.11240964
726	0.14064257
723	0.51839357
720	0.66646586
717	0.53285141
714	0.42899598
711	0.18413655
708	0.002008032
705	0.002570281
702	-0.01686747
699	-0.19566265
696	-0.28682731
693	-0.35783133
690	-0.2002008
687	-0.071004016
684	-0.011084337
681	0.039236948
678	0.13983936
675	0.14008032
672	0.34955823
669	0.1386747
666	0.42855422
663	0.38939759
660	0.43124498
657	0.51297189
654	0.54281124
651	0.5102008
648	0.56771084
645	0.5551004
642	0.54108434
639	0.66779116
636	0.73550201
633	0.66365462
630	0.48060241
627	0.6888755
624	0.73578313
621	0.21240964
618	-0.2897992
615	-0.54080321
612	-0.59088353
609	-0.48983936
606	-0.32016064
603	-0.19148594
600	-0.23365462
597	-0.015060241
594	-0.20646586
591	-0.14666667
588	-0.23461847
585	-0.043574297
582	0.10670683
579	-0.26485944
576	-0.59690763
573	-0.6786747
570	-0.6797992
567	-0.5715261
564	-0.46429719
561	-0.22710843
558	0.02060241
555	0.22891566
552	0.2764257
549	0.27481928
546	0.17413655
543	-0.006546185
540	-0.01811245
537	0.090200803
534	0.28783133
531	-0.05502008
528	-0.2375502
525	-0.2702008
522	-0.38176707
519	-0.12329317
516	-0.14518072
513	-0.066626506
510	-0.1173494
507	-0.1673494
504	-0.33718876
501	-0.56485944
498	-0.57052209
495	-0.48686747
492	-0.44429719
489	-0.44389558
486	-0.49365462
483	-0.54301205
480	-0.54405622
477	-0.44502008
474	-0.30502008
471	-0.27558233
468	-0.16566265
465	-0.025702811
462	0.063534137
459	0.072931727
456	0.14309237
453	0.24457831
450	0.29586345
447	0.055983936
444	0.32698795
441	0.2964257
438	0.34381526
435	0.29248996
432	0.24080321
429	0.07060241
426	0.060763052
423	0.35144578
420	0.65168675
417	0.19180723
414	-0.33080321
411	-0.70473896
408	-0.89831325
405	-0.85200803
402	-0.86502008
399	-0.64714859
396	-0.47851406
393	-0.51048193
390	-0.41353414
387	-0.16578313
384	-0.076305221
381	0.043935743
378	0.10710843
375	0.089919028
372	0.22979592
369	0.22954733
366	0.17929461
363	0.28112971
360	0.44531646
357	0.37714894
354	0.51643777
351	0.4647619
348	0.32117904
345	0.69920705
342	0.79853333
339	0.90896861
336	0.24036199
333	-0.54671233
330	-0.75317972
327	-1.0990698
324	-0.61450704
321	-0.64938389
318	-0.26320574
315	-0.51797101
312	-0.24365854
309	-0.017980296
306	-0.11363184
303	-0.026532663
300	0.061878173
297	0.17974359
294	0.077927461
291	-0.043298429
288	-0.24042328
285	-0.37754011
282	-0.31172973
279	0.13918033
276	0.2118232
273	0.28240223
270	0.54248588
267	0.53354286
264	0.38040462
261	0.40725146
258	0.54579882
255	0.36389222
252	0.43818182
249	0.44128834
246	0.28521739
243	0.058050314
240	-0.29898089
237	-0.53354839
234	-0.18568627
231	0.014304636
228	0.21597315
225	0.21741497
222	0.19075862
219	0.11433566
216	-0.38425532
213	-0.47208633
210	-0.63671533
207	-0.43503704
204	-0.43887218
201	-0.62122137
198	-0.49984496
195	-0.035433071
192	0.1632
189	0.093577236
186	0.1661157
183	0.2487395
180	0.39444444
177	0.44173913
174	0.24973451
171	0.38423423
168	0.51073394
165	0.48252336
162	0.44904762
159	0.44951456
156	0.45465347
153	0.5010101
150	0.31123711
147	0.54936842
144	0.63064516
141	0.59659341
138	0.46977528
135	0.33977011
132	0.43694118
129	-0.003975904
126	-0.4445679
123	-0.71113924
120	-0.58246753
117	-0.53546667
114	-0.66041096
111	-0.86704225
108	-0.52043478
105	-0.38791045
102	-0.53553846
99	-0.63539683
96	-0.64278689
93	-0.59745763
90	-0.41473684
87	-0.32545455
84	-0.35849057
81	-0.70098039
78	-0.66040816
75	-0.35
72	-0.47911111
69	-0.045348837
66	0.29073171
63	0.18692308
60	0.40216216
57	0.32257143
54	0.18818182
51	0.084193548
48	0.083103448
45	0.052962963
42	0.0228
39	0.072608696
36	-0.090952381
33	0.045263158
30	0.069411765
27	0.052666667
24	0.20153846
21	0.18636364
18	0.36888889
15	0.29857143
12	0.096
9	0.14333333
6	0
